4104
0 0 0 10
0 11 0 21
0 22 0 32
0 33 0 43
0 45 0 55
0 56 0 66
0 67 0 77
0 78 0 88
0 89 0 99
0 100 0 110
0 111 0 121
0 122 0 132
0 133 0 143
0 144 0 154
0 155 0 165
0 166 0 176
0 177 0 187
0 188 0 198
0 199 0 209
0 210 0 220
0 221 0 231
0 232 0 242
1 0 1 10
1 11 1 21
1 22 1 32
1 33 1 43
1 44 1 54
1 55 1 65
1 66 1 76
1 78 1 88
1 89 1 99
1 100 1 110
1 111 1 121
1 122 1 132
1 133 1 143
1 144 1 154
1 155 1 165
1 166 1 176
1 177 1 187
1 199 1 209
1 211 1 221
1 222 1 232
1 233 1 243
2 5 2 15
2 16 2 26
2 27 2 37
2 38 2 48
2 49 2 59
2 60 2 70
2 71 2 81
2 82 2 92
2 93 2 103
2 104 2 114
2 115 2 125
2 128 2 138
2 139 2 149
2 150 2 160
2 161 2 171
2 172 2 182
2 183 2 193
2 195 2 205
2 206 2 216
2 217 2 227
2 228 2 238
2 239 2 249
3 0 3 10
3 11 3 21
3 22 3 32
3 34 3 44
3 45 3 55
3 56 3 66
3 67 3 77
3 78 3 88
3 92 3 102
3 104 3 114
3 115 3 125
3 126 3 136
3 138 3 148
3 150 3 160
3 170 3 180
3 181 3 191
3 194 3 204
3 205 3 215
3 216 3 226
3 227 3 237
4 0 4 10
4 11 4 21
4 22 4 32
4 33 4 43
4 45 4 55
4 56 4 66
4 70 4 80
4 85 4 95
4 99 4 109
4 110 4 120
4 121 4 131
4 132 4 142
4 143 4 153
4 154 4 164
4 170 4 180
4 181 4 191
4 192 4 202
4 203 4 213
4 214 4 224
4 227 4 237
4 238 4 248
5 0 5 10
5 11 5 21
5 22 5 32
5 33 5 43
5 50 5 60
5 61 5 71
5 72 5 82
5 83 5 93
5 94 5 104
5 105 5 115
5 121 5 131
5 132 5 142
5 143 5 153
5 154 5 164
5 165 5 175
5 176 5 186
5 187 5 197
5 198 5 208
5 209 5 219
5 221 5 231
5 232 5 242
6 0 6 10
6 11 6 21
6 22 6 32
6 33 6 43
6 46 6 56
6 62 6 72
6 73 6 83
6 84 6 94
6 95 6 105
6 106 6 116
6 117 6 127
6 128 6 138
6 142 6 152
6 153 6 163
6 164 6 174
6 175 6 185
6 186 6 196
6 197 6 207
6 212 6 222
6 227 6 237
6 238 6 248
7 0 7 10
7 11 7 21
7 22 7 32
7 33 7 43
7 44 7 54
7 55 7 65
7 71 7 81
7 83 7 93
7 94 7 104
7 105 7 115
7 116 7 126
7 127 7 137
7 138 7 148
7 149 7 159
7 160 7 170
7 171 7 181
7 182 7 192
7 195 7 205
7 206 7 216
7 217 7 227
7 229 7 239
8 0 8 10
8 11 8 21
8 22 8 32
8 33 8 43
8 44 8 54
8 55 8 65
8 66 8 76
8 77 8 87
8 88 8 98
8 100 8 110
8 111 8 121
8 122 8 132
8 133 8 143
8 144 8 154
8 155 8 165
8 166 8 176
8 177 8 187
8 188 8 198
8 199 8 209
8 210 8 220
8 231 8 241
9 2 9 12
9 13 9 23
9 24 9 34
9 38 9 48
9 49 9 59
9 63 9 73
9 74 9 84
9 85 9 95
9 101 9 111
9 112 9 122
9 123 9 133
9 134 9 144
9 145 9 155
9 156 9 166
9 172 9 182
9 184 9 194
9 195 9 205
9 206 9 216
9 217 9 227
9 228 9 238
10 0 10 10
10 11 10 21
10 22 10 32
10 34 10 44
10 45 10 55
10 57 10 67
10 68 10 78
10 79 10 89
10 90 10 100
10 101 10 111
10 112 10 122
10 128 10 138
10 139 10 149
10 150 10 160
10 161 10 171
10 172 10 182
10 183 10 193
10 194 10 204
10 205 10 215
10 216 10 226
10 227 10 237
10 238 10 248
11 0 11 10
11 11 11 21
11 22 11 32
11 33 11 43
11 45 11 55
11 56 11 66
11 67 11 77
11 78 11 88
11 89 11 99
11 108 11 118
11 120 11 130
11 131 11 141
11 142 11 152
11 158 11 168
11 169 11 179
11 181 11 191
11 192 11 202
11 203 11 213
11 214 11 224
11 225 11 235
11 237 11 247
12 0 12 10
12 11 12 21
12 22 12 32
12 33 12 43
12 45 12 55
12 58 12 68
12 69 12 79
12 84 12 94
12 95 12 105
12 106 12 116
12 117 12 127
12 128 12 138
12 139 12 149
12 150 12 160
12 161 12 171
12 172 12 182
12 183 12 193
12 194 12 204
12 205 12 215
12 216 12 226
12 227 12 237
13 0 13 10
13 13 13 23
13 24 13 34
13 35 13 45
13 47 13 57
13 58 13 68
13 69 13 79
13 80 13 90
13 91 13 101
13 102 13 112
13 113 13 123
13 124 13 134
13 147 13 157
13 158 13 168
13 171 13 181
13 182 13 192
13 193 13 203
13 204 13 214
13 215 13 225
13 226 13 236
13 237 13 247
14 0 14 10
14 11 14 21
14 22 14 32
14 33 14 43
14 44 14 54
14 56 14 66
14 67 14 77
14 78 14 88
14 89 14 99
14 101 14 111
14 112 14 122
14 123 14 133
14 134 14 144
14 145 14 155
14 163 14 173
14 174 14 184
14 185 14 195
14 198 14 208
14 218 14 228
14 229 14 239
15 0 15 10
15 11 15 21
15 22 15 32
15 33 15 43
15 45 15 55
15 56 15 66
15 67 15 77
15 78 15 88
15 89 15 99
15 100 15 110
15 111 15 121
15 123 15 133
15 134 15 144
15 145 15 155
15 156 15 166
15 167 15 177
15 178 15 188
15 189 15 199
15 200 15 210
15 211 15 221
15 223 15 233
15 238 15 248
16 0 16 10
16 11 16 21
16 22 16 32
16 33 16 43
16 44 16 54
16 55 16 65
16 66 16 76
16 77 16 87
16 88 16 98
16 99 16 109
16 110 16 120
16 121 16 131
16 133 16 143
16 144 16 154
16 155 16 165
16 166 16 176
16 180 16 190
16 191 16 201
16 202 16 212
16 213 16 223
16 231 16 241
17 0 17 10
17 11 17 21
17 22 17 32
17 36 17 46
17 47 17 57
17 58 17 68
17 69 17 79
17 87 17 97
17 98 17 108
17 116 17 126
17 127 17 137
17 138 17 148
17 149 17 159
17 160 17 170
17 171 17 181
17 182 17 192
17 195 17 205
17 206 17 216
17 217 17 227
17 229 17 239
18 0 18 10
18 11 18 21
18 22 18 32
18 33 18 43
18 44 18 54
18 55 18 65
18 72 18 82
18 83 18 93
18 94 18 104
18 105 18 115
18 122 18 132
18 133 18 143
18 145 18 155
18 160 18 170
18 171 18 181
18 182 18 192
18 193 18 203
18 204 18 214
18 215 18 225
18 226 18 236
18 237 18 247
19 1 19 11
19 13 19 23
19 24 19 34
19 35 19 45
19 46 19 56
19 57 19 67
19 68 19 78
19 79 19 89
19 90 19 100
19 101 19 111
19 114 19 124
19 125 19 135
19 136 19 146
19 147 19 157
19 158 19 168
19 169 19 179
19 180 19 190
19 191 19 201
19 202 19 212
19 213 19 223
19 224 19 234
19 236 19 246
20 0 20 10
20 11 20 21
20 22 20 32
20 33 20 43
20 44 20 54
20 55 20 65
20 66 20 76
20 77 20 87
20 92 20 102
20 103 20 113
20 124 20 134
20 136 20 146
20 151 20 161
20 162 20 172
20 173 20 183
20 184 20 194
20 195 20 205
20 206 20 216
20 217 20 227
20 228 20 238
21 0 21 10
21 11 21 21
21 22 21 32
21 33 21 43
21 45 21 55
21 56 21 66
21 67 21 77
21 78 21 88
21 89 21 99
21 103 21 113
21 114 21 124
21 125 21 135
21 136 21 146
21 149 21 159
21 160 21 170
21 176 21 186
21 189 21 199
21 200 21 210
21 213 21 223
21 224 21 234
22 0 22 10
22 11 22 21
22 22 22 32
22 33 22 43
22 44 22 54
22 55 22 65
22 66 22 76
22 78 22 88
22 89 22 99
22 100 22 110
22 111 22 121
22 122 22 132
22 133 22 143
22 144 22 154
22 155 22 165
22 166 22 176
22 177 22 187
22 188 22 198
22 199 22 209
22 210 22 220
22 221 22 231
22 232 22 242
23 0 23 10
23 11 23 21
23 22 23 32
23 36 23 46
23 47 23 57
23 58 23 68
23 69 23 79
23 80 23 90
23 91 23 101
23 102 23 112
23 123 23 133
23 134 23 144
23 145 23 155
23 156 23 166
23 167 23 177
23 178 23 188
23 189 23 199
23 200 23 210
23 211 23 221
23 222 23 232
23 234 23 244
24 0 24 10
24 13 24 23
24 24 24 34
24 35 24 45
24 46 24 56
24 57 24 67
24 68 24 78
24 79 24 89
24 90 24 100
24 101 24 111
24 112 24 122
24 123 24 133
24 134 24 144
24 145 24 155
24 156 24 166
24 171 24 181
24 182 24 192
24 193 24 203
24 204 24 214
24 215 24 225
24 226 24 236
24 237 24 247
25 0 25 10
25 11 25 21
25 22 25 32
25 33 25 43
25 44 25 54
25 61 25 71
25 72 25 82
25 83 25 93
25 94 25 104
25 105 25 115
25 116 25 126
25 127 25 137
25 138 25 148
25 157 25 167
25 168 25 178
25 180 25 190
25 194 25 204
25 205 25 215
25 218 25 228
25 234 25 244
26 0 26 10
26 11 26 21
26 22 26 32
26 33 26 43
26 44 26 54
26 55 26 65
26 66 26 76
26 77 26 87
26 88 26 98
26 99 26 109
26 113 26 123
26 124 26 134
26 136 26 146
26 147 26 157
26 158 26 168
26 170 26 180
26 183 26 193
26 197 26 207
26 211 26 221
26 222 26 232
26 233 26 243
27 0 27 10
27 11 27 21
27 22 27 32
27 34 27 44
27 45 27 55
27 56 27 66
27 75 27 85
27 86 27 96
27 102 27 112
27 113 27 123
27 124 27 134
27 135 27 145
27 146 27 156
27 157 27 167
27 168 27 178
27 179 27 189
27 192 27 202
27 203 27 213
27 214 27 224
27 225 27 235
28 0 28 10
28 11 28 21
28 22 28 32
28 33 28 43
28 44 28 54
28 55 28 65
28 66 28 76
28 88 28 98
28 99 28 109
28 110 28 120
28 135 28 145
28 149 28 159
28 160 28 170
28 171 28 181
28 182 28 192
28 193 28 203
28 204 28 214
28 224 28 234
28 235 28 245
29 0 29 10
29 11 29 21
29 22 29 32
29 33 29 43
29 54 29 64
29 67 29 77
29 78 29 88
29 89 29 99
29 100 29 110
29 111 29 121
29 122 29 132
29 133 29 143
29 144 29 154
29 155 29 165
29 166 29 176
29 183 29 193
29 194 29 204
29 206 29 216
29 217 29 227
29 228 29 238
29 239 29 249
30 0 30 10
30 11 30 21
30 27 30 37
30 38 30 48
30 52 30 62
30 63 30 73
30 74 30 84
30 85 30 95
30 96 30 106
30 107 30 117
30 118 30 128
30 129 30 139
30 140 30 150
30 151 30 161
30 162 30 172
30 173 30 183
30 184 30 194
30 195 30 205
30 206 30 216
30 217 30 227
30 228 30 238
30 239 30 249
31 0 31 10
31 11 31 21
31 31 31 41
31 50 31 60
31 61 31 71
31 72 31 82
31 83 31 93
31 94 31 104
31 106 31 116
31 120 31 130
31 131 31 141
31 142 31 152
31 153 31 163
31 164 31 174
31 175 31 185
31 186 31 196
31 200 31 210
31 211 31 221
31 222 31 232
31 233 31 243
32 0 32 10
32 11 32 21
32 22 32 32
32 33 32 43
32 44 32 54
32 55 32 65
32 67 32 77
32 78 32 88
32 89 32 99
32 100 32 110
32 119 32 129
32 130 32 140
32 141 32 151
32 152 32 162
32 163 32 173
32 174 32 184
32 185 32 195
32 196 32 206
32 207 32 217
32 219 32 229
32 230 32 240
33 0 33 10
33 11 33 21
33 22 33 32
33 35 33 45
33 46 33 56
33 62 33 72
33 73 33 83
33 85 33 95
33 96 33 106
33 108 33 118
33 119 33 129
33 130 33 140
33 141 33 151
33 152 33 162
33 163 33 173
33 174 33 184
33 209 33 219
33 220 33 230
33 231 33 241
34 21 34 31
34 35 34 45
34 46 34 56
34 57 34 67
34 68 34 78
34 79 34 89
34 105 34 115
34 116 34 126
34 127 34 137
34 138 34 148
34 149 34 159
34 161 34 171
34 172 34 182
34 183 34 193
34 194 34 204
34 205 34 215
34 217 34 227
34 229 34 239
35 0 35 10
35 11 35 21
35 22 35 32
35 34 35 44
35 45 35 55
35 56 35 66
35 70 35 80
35 81 35 91
35 92 35 102
35 103 35 113
35 114 35 124
35 125 35 135
35 136 35 146
35 147 35 157
35 158 35 168
35 169 35 179
35 185 35 195
35 196 35 206
35 207 35 217
35 218 35 228
35 229 35 239
36 0 36 10
36 11 36 21
36 22 36 32
36 33 36 43
36 46 36 56
36 57 36 67
36 69 36 79
36 82 36 92
36 93 36 103
36 106 36 116
36 117 36 127
36 128 36 138
36 139 36 149
36 150 36 160
36 161 36 171
36 172 36 182
36 183 36 193
36 194 36 204
36 205 36 215
36 225 36 235
36 236 36 246
37 0 37 10
37 12 37 22
37 24 37 34
37 35 37 45
37 46 37 56
37 57 37 67
37 70 37 80
37 81 37 91
37 92 37 102
37 103 37 113
37 114 37 124
37 126 37 136
37 137 37 147
37 148 37 158
37 159 37 169
37 170 37 180
37 182 37 192
37 193 37 203
37 204 37 214
37 216 37 226
37 227 37 237
37 239 37 249
38 0 38 10
38 11 38 21
38 22 38 32
38 33 38 43
38 44 38 54
38 55 38 65
38 66 38 76
38 79 38 89
38 90 38 100
38 101 38 111
38 112 38 122
38 123 38 133
38 136 38 146
38 150 38 160
38 170 38 180
38 181 38 191
38 192 38 202
38 206 38 216
38 219 38 229
38 230 38 240
39 3 39 13
39 14 39 24
39 25 39 35
39 37 39 47
39 48 39 58
39 62 39 72
39 76 39 86
39 87 39 97
39 98 39 108
39 109 39 119
39 120 39 130
39 131 39 141
39 142 39 152
39 153 39 163
39 165 39 175
39 176 39 186
39 187 39 197
39 198 39 208
39 209 39 219
39 220 39 230
39 234 39 244
40 3 40 13
40 14 40 24
40 25 40 35
40 36 40 46
40 47 40 57
40 59 40 69
40 70 40 80
40 81 40 91
40 92 40 102
40 113 40 123
40 124 40 134
40 135 40 145
40 146 40 156
40 157 40 167
40 169 40 179
40 180 40 190
40 191 40 201
40 202 40 212
40 213 40 223
40 224 40 234
40 235 40 245
41 0 41 10
41 11 41 21
41 22 41 32
41 34 41 44
41 46 41 56
41 57 41 67
41 68 41 78
41 79 41 89
41 90 41 100
41 101 41 111
41 112 41 122
41 124 41 134
41 138 41 148
41 149 41 159
41 160 41 170
41 171 41 181
41 182 41 192
41 193 41 203
41 204 41 214
41 215 41 225
41 226 41 236
41 237 41 247
42 0 42 10
42 15 42 25
42 26 42 36
42 41 42 51
42 52 42 62
42 63 42 73
42 74 42 84
42 85 42 95
42 96 42 106
42 107 42 117
42 121 42 131
42 132 42 142
42 143 42 153
42 154 42 164
42 165 42 175
42 176 42 186
42 187 42 197
42 198 42 208
42 209 42 219
42 220 42 230
42 231 42 241
43 0 43 10
43 11 43 21
43 23 43 33
43 36 43 46
43 47 43 57
43 70 43 80
43 81 43 91
43 92 43 102
43 103 43 113
43 119 43 129
43 130 43 140
43 141 43 151
43 152 43 162
43 166 43 176
43 177 43 187
43 190 43 200
43 201 43 211
43 218 43 228
43 232 43 242
44 0 44 10
44 12 44 22
44 23 44 33
44 34 44 44
44 45 44 55
44 56 44 66
44 67 44 77
44 78 44 88
44 89 44 99
44 100 44 110
44 111 44 121
44 122 44 132
44 133 44 143
44 144 44 154
44 156 44 166
44 167 44 177
44 178 44 188
44 189 44 199
44 200 44 210
44 211 44 221
44 222 44 232
44 233 44 243
45 0 45 10
45 11 45 21
45 22 45 32
45 33 45 43
45 44 45 54
45 55 45 65
45 66 45 76
45 77 45 87
45 88 45 98
45 99 45 109
45 110 45 120
45 121 45 131
45 132 45 142
45 143 45 153
45 154 45 164
45 165 45 175
45 176 45 186
45 187 45 197
45 198 45 208
45 209 45 219
45 220 45 230
45 231 45 241
46 3 46 13
46 14 46 24
46 25 46 35
46 36 46 46
46 58 46 68
46 69 46 79
46 81 46 91
46 92 46 102
46 108 46 118
46 119 46 129
46 132 46 142
46 143 46 153
46 154 46 164
46 165 46 175
46 176 46 186
46 187 46 197
46 198 46 208
46 209 46 219
46 220 46 230
46 231 46 241
47 0 47 10
47 11 47 21
47 22 47 32
47 36 47 46
47 48 47 58
47 61 47 71
47 72 47 82
47 83 47 93
47 94 47 104
47 105 47 115
47 116 47 126
47 127 47 137
47 138 47 148
47 149 47 159
47 160 47 170
47 171 47 181
47 182 47 192
47 193 47 203
47 204 47 214
47 215 47 225
47 226 47 236
48 13 48 23
48 24 48 34
48 35 48 45
48 46 48 56
48 63 48 73
48 74 48 84
48 85 48 95
48 96 48 106
48 116 48 126
48 127 48 137
48 141 48 151
48 152 48 162
48 165 48 175
48 176 48 186
48 187 48 197
48 198 48 208
48 209 48 219
48 220 48 230
48 231 48 241
49 0 49 10
49 14 49 24
49 25 49 35
49 38 49 48
49 51 49 61
49 66 49 76
49 77 49 87
49 88 49 98
49 100 49 110
49 111 49 121
49 122 49 132
49 133 49 143
49 144 49 154
49 155 49 165
49 166 49 176
49 177 49 187
49 188 49 198
49 199 49 209
49 210 49 220
49 223 49 233
49 234 49 244
50 0 50 10
50 11 50 21
50 22 50 32
50 33 50 43
50 44 50 54
50 56 50 66
50 67 50 77
50 78 50 88
50 89 50 99
50 100 50 110
50 111 50 121
50 125 50 135
50 136 50 146
50 147 50 157
50 158 50 168
50 169 50 179
50 180 50 190
50 191 50 201
50 202 50 212
50 213 50 223
50 224 50 234
50 235 50 245
51 0 51 10
51 11 51 21
51 22 51 32
51 33 51 43
51 44 51 54
51 62 51 72
51 73 51 83
51 85 51 95
51 98 51 108
51 109 51 119
51 120 51 130
51 131 51 141
51 142 51 152
51 154 51 164
51 165 51 175
51 176 51 186
51 187 51 197
51 198 51 208
51 209 51 219
51 220 51 230
51 231 51 241
52 0 52 10
52 11 52 21
52 24 52 34
52 41 52 51
52 52 52 62
52 63 52 73
52 74 52 84
52 85 52 95
52 96 52 106
52 112 52 122
52 123 52 133
52 136 52 146
52 147 52 157
52 158 52 168
52 190 52 200
52 201 52 211
52 212 52 222
52 223 52 233
53 0 53 10
53 11 53 21
53 22 53 32
53 33 53 43
53 44 53 54
53 55 53 65
53 66 53 76
53 77 53 87
53 88 53 98
53 99 53 109
53 110 53 120
53 121 53 131
53 132 53 142
53 143 53 153
53 158 53 168
53 169 53 179
53 180 53 190
53 191 53 201
53 202 53 212
53 213 53 223
53 225 53 235
53 236 53 246
54 0 54 10
54 11 54 21
54 22 54 32
54 33 54 43
54 44 54 54
54 63 54 73
54 74 54 84
54 85 54 95
54 97 54 107
54 111 54 121
54 123 54 133
54 134 54 144
54 145 54 155
54 156 54 166
54 167 54 177
54 179 54 189
54 190 54 200
54 203 54 213
54 219 54 229
54 235 54 245
55 0 55 10
55 11 55 21
55 22 55 32
55 33 55 43
55 45 55 55
55 57 55 67
55 68 55 78
55 85 55 95
55 97 55 107
55 117 55 127
55 128 55 138
55 140 55 150
55 151 55 161
55 162 55 172
55 173 55 183
55 185 55 195
55 205 55 215
55 216 55 226
55 231 55 241
56 0 56 10
56 11 56 21
56 29 56 39
56 40 56 50
56 51 56 61
56 62 56 72
56 73 56 83
56 84 56 94
56 95 56 105
56 108 56 118
56 119 56 129
56 130 56 140
56 141 56 151
56 152 56 162
56 163 56 173
56 174 56 184
56 185 56 195
56 205 56 215
56 216 56 226
56 234 56 244
57 0 57 10
57 11 57 21
57 22 57 32
57 33 57 43
57 45 57 55
57 56 57 66
57 67 57 77
57 78 57 88
57 89 57 99
57 102 57 112
57 113 57 123
57 126 57 136
57 144 57 154
57 155 57 165
57 166 57 176
57 177 57 187
57 188 57 198
57 199 57 209
57 210 57 220
57 226 57 236
57 237 57 247
58 0 58 10
58 11 58 21
58 22 58 32
58 33 58 43
58 44 58 54
58 55 58 65
58 66 58 76
58 77 58 87
58 88 58 98
58 99 58 109
58 110 58 120
58 121 58 131
58 137 58 147
58 149 58 159
58 160 58 170
58 171 58 181
58 182 58 192
58 193 58 203
58 204 58 214
58 215 58 225
58 226 58 236
58 237 58 247
59 0 59 10
59 11 59 21
59 22 59 32
59 33 59 43
59 44 59 54
59 55 59 65
59 66 59 76
59 79 59 89
59 90 59 100
59 101 59 111
59 112 59 122
59 123 59 133
59 140 59 150
59 151 59 161
59 162 59 172
59 173 59 183
59 184 59 194
59 211 59 221
59 228 59 238
59 239 59 249
60 6 60 16
60 17 60 27
60 28 60 38
60 39 60 49
60 50 60 60
60 61 60 71
60 72 60 82
60 83 60 93
60 100 60 110
60 119 60 129
60 130 60 140
60 141 60 151
60 152 60 162
60 163 60 173
60 174 60 184
60 190 60 200
60 202 60 212
60 213 60 223
60 224 60 234
60 235 60 245
61 0 61 10
61 11 61 21
61 31 61 41
61 42 61 52
61 53 61 63
61 64 61 74
61 85 61 95
61 96 61 106
61 107 61 117
61 118 61 128
61 129 61 139
61 140 61 150
61 151 61 161
61 162 61 172
61 173 61 183
61 184 61 194
61 195 61 205
61 206 61 216
61 217 61 227
61 231 61 241
62 0 62 10
62 11 62 21
62 22 62 32
62 33 62 43
62 44 62 54
62 55 62 65
62 78 62 88
62 89 62 99
62 100 62 110
62 111 62 121
62 132 62 142
62 143 62 153
62 154 62 164
62 166 62 176
62 177 62 187
62 188 62 198
62 201 62 211
62 212 62 222
62 223 62 233
62 234 62 244
63 4 63 14
63 17 63 27
63 30 63 40
63 41 63 51
63 52 63 62
63 69 63 79
63 85 63 95
63 97 63 107
63 108 63 118
63 119 63 129
63 130 63 140
63 143 63 153
63 154 63 164
63 166 63 176
63 182 63 192
63 201 63 211
63 212 63 222
63 223 63 233
63 234 63 244
64 1 64 11
64 13 64 23
64 28 64 38
64 39 64 49
64 50 64 60
64 67 64 77
64 86 64 96
64 97 64 107
64 108 64 118
64 119 64 129
64 130 64 140
64 141 64 151
64 157 64 167
64 171 64 181
64 186 64 196
64 197 64 207
64 213 64 223
64 238 64 248
65 3 65 13
65 22 65 32
65 33 65 43
65 44 65 54
65 55 65 65
65 66 65 76
65 77 65 87
65 88 65 98
65 99 65 109
65 110 65 120
65 121 65 131
65 132 65 142
65 143 65 153
65 154 65 164
65 165 65 175
65 176 65 186
65 187 65 197
65 198 65 208
65 209 65 219
65 220 65 230
65 231 65 241
66 0 66 10
66 11 66 21
66 22 66 32
66 33 66 43
66 44 66 54
66 55 66 65
66 68 66 78
66 79 66 89
66 93 66 103
66 104 66 114
66 115 66 125
66 126 66 136
66 137 66 147
66 148 66 158
66 159 66 169
66 170 66 180
66 181 66 191
66 201 66 211
66 212 66 222
66 223 66 233
66 238 66 248
67 0 67 10
67 11 67 21
67 22 67 32
67 33 67 43
67 44 67 54
67 55 67 65
67 66 67 76
67 77 67 87
67 88 67 98
67 99 67 109
67 110 67 120
67 122 67 132
67 133 67 143
67 144 67 154
67 155 67 165
67 166 67 176
67 182 67 192
67 193 67 203
67 204 67 214
67 215 67 225
67 227 67 237
67 238 67 248
68 0 68 10
68 11 68 21
68 22 68 32
68 38 68 48
68 49 68 59
68 60 68 70
68 71 68 81
68 84 68 94
68 95 68 105
68 106 68 116
68 117 68 127
68 134 68 144
68 145 68 155
68 159 68 169
68 178 68 188
68 189 68 199
68 200 68 210
68 211 68 221
68 222 68 232
68 233 68 243
69 0 69 10
69 12 69 22
69 23 69 33
69 34 69 44
69 45 69 55
69 56 69 66
69 67 69 77
69 78 69 88
69 99 69 109
69 115 69 125
69 126 69 136
69 137 69 147
69 148 69 158
69 159 69 169
69 170 69 180
69 181 69 191
69 192 69 202
69 203 69 213
69 216 69 226
69 227 69 237
69 238 69 248
70 0 70 10
70 11 70 21
70 25 70 35
70 36 70 46
70 48 70 58
70 59 70 69
70 70 70 80
70 81 70 91
70 92 70 102
70 103 70 113
70 114 70 124
70 125 70 135
70 136 70 146
70 147 70 157
70 164 70 174
70 175 70 185
70 186 70 196
70 197 70 207
70 208 70 218
70 219 70 229
70 239 70 249
71 0 71 10
71 11 71 21
71 25 71 35
71 36 71 46
71 47 71 57
71 58 71 68
71 69 71 79
71 80 71 90
71 91 71 101
71 102 71 112
71 113 71 123
71 124 71 134
71 135 71 145
71 146 71 156
71 157 71 167
71 168 71 178
71 179 71 189
71 190 71 200
71 206 71 216
71 219 71 229
71 231 71 241
72 1 72 11
72 12 72 22
72 23 72 33
72 34 72 44
72 45 72 55
72 56 72 66
72 67 72 77
72 78 72 88
72 89 72 99
72 100 72 110
72 111 72 121
72 122 72 132
72 133 72 143
72 156 72 166
72 167 72 177
72 178 72 188
72 189 72 199
72 200 72 210
72 211 72 221
72 222 72 232
72 233 72 243
73 0 73 10
73 11 73 21
73 22 73 32
73 33 73 43
73 44 73 54
73 55 73 65
73 68 73 78
73 81 73 91
73 97 73 107
73 108 73 118
73 119 73 129
73 130 73 140
73 141 73 151
73 166 73 176
73 177 73 187
73 188 73 198
73 199 73 209
73 210 73 220
73 221 73 231
73 233 73 243
74 2 74 12
74 13 74 23
74 24 74 34
74 35 74 45
74 46 74 56
74 57 74 67
74 68 74 78
74 79 74 89
74 91 74 101
74 102 74 112
74 113 74 123
74 124 74 134
74 135 74 145
74 146 74 156
74 157 74 167
74 168 74 178
74 179 74 189
74 190 74 200
74 201 74 211
74 225 74 235
74 236 74 246
75 0 75 10
75 12 75 22
75 24 75 34
75 35 75 45
75 46 75 56
75 58 75 68
75 70 75 80
75 81 75 91
75 94 75 104
75 109 75 119
75 120 75 130
75 131 75 141
75 142 75 152
75 156 75 166
75 168 75 178
75 179 75 189
75 190 75 200
75 201 75 211
75 212 75 222
75 224 75 234
75 235 75 245
76 0 76 10
76 11 76 21
76 22 76 32
76 33 76 43
76 45 76 55
76 57 76 67
76 68 76 78
76 87 76 97
76 98 76 108
76 109 76 119
76 120 76 130
76 131 76 141
76 142 76 152
76 155 76 165
76 172 76 182
76 183 76 193
76 194 76 204
76 205 76 215
76 216 76 226
76 227 76 237
76 238 76 248
77 0 77 10
77 11 77 21
77 22 77 32
77 33 77 43
77 44 77 54
77 55 77 65
77 66 77 76
77 77 77 87
77 88 77 98
77 100 77 110
77 118 77 128
77 129 77 139
77 151 77 161
77 162 77 172
77 173 77 183
77 191 77 201
77 202 77 212
77 217 77 227
77 228 77 238
77 239 77 249
78 0 78 10
78 11 78 21
78 22 78 32
78 33 78 43
78 44 78 54
78 55 78 65
78 66 78 76
78 77 78 87
78 88 78 98
78 99 78 109
78 110 78 120
78 121 78 131
78 132 78 142
78 152 78 162
78 163 78 173
78 174 78 184
78 185 78 195
78 196 78 206
78 215 78 225
78 226 78 236
78 237 78 247
79 0 79 10
79 11 79 21
79 22 79 32
79 34 79 44
79 45 79 55
79 56 79 66
79 81 79 91
79 94 79 104
79 105 79 115
79 116 79 126
79 127 79 137
79 138 79 148
79 150 79 160
79 161 79 171
79 174 79 184
79 185 79 195
79 197 79 207
79 208 79 218
79 219 79 229
79 230 79 240
80 0 80 10
80 13 80 23
80 24 80 34
80 35 80 45
80 46 80 56
80 57 80 67
80 68 80 78
80 79 80 89
80 90 80 100
80 101 80 111
80 115 80 125
80 126 80 136
80 137 80 147
80 148 80 158
80 162 80 172
80 173 80 183
80 184 80 194
80 195 80 205
80 207 80 217
80 219 80 229
80 237 80 247
81 0 81 10
81 11 81 21
81 22 81 32
81 33 81 43
81 44 81 54
81 55 81 65
81 66 81 76
81 77 81 87
81 88 81 98
81 99 81 109
81 110 81 120
81 121 81 131
81 132 81 142
81 151 81 161
81 162 81 172
81 173 81 183
81 184 81 194
81 198 81 208
81 217 81 227
81 233 81 243
82 0 82 10
82 11 82 21
82 22 82 32
82 33 82 43
82 44 82 54
82 55 82 65
82 66 82 76
82 77 82 87
82 88 82 98
82 99 82 109
82 110 82 120
82 121 82 131
82 132 82 142
82 143 82 153
82 163 82 173
82 174 82 184
82 186 82 196
82 197 82 207
82 214 82 224
82 225 82 235
82 236 82 246
83 0 83 10
83 11 83 21
83 22 83 32
83 33 83 43
83 44 83 54
83 55 83 65
83 66 83 76
83 77 83 87
83 88 83 98
83 99 83 109
83 110 83 120
83 121 83 131
83 132 83 142
83 145 83 155
83 166 83 176
83 177 83 187
83 188 83 198
83 205 83 215
83 216 83 226
83 227 83 237
83 238 83 248
84 1 84 11
84 12 84 22
84 37 84 47
84 48 84 58
84 65 84 75
84 84 84 94
84 95 84 105
84 106 84 116
84 119 84 129
84 130 84 140
84 141 84 151
84 152 84 162
84 163 84 173
84 174 84 184
84 185 84 195
84 202 84 212
84 213 84 223
84 231 84 241
85 9 85 19
85 20 85 30
85 31 85 41
85 42 85 52
85 53 85 63
85 64 85 74
85 75 85 85
85 87 85 97
85 102 85 112
85 122 85 132
85 133 85 143
85 144 85 154
85 155 85 165
85 166 85 176
85 177 85 187
85 190 85 200
85 201 85 211
85 212 85 222
85 223 85 233
85 234 85 244
86 0 86 10
86 11 86 21
86 22 86 32
86 33 86 43
86 44 86 54
86 55 86 65
86 72 86 82
86 83 86 93
86 95 86 105
86 106 86 116
86 117 86 127
86 128 86 138
86 139 86 149
86 154 86 164
86 165 86 175
86 176 86 186
86 191 86 201
86 202 86 212
86 213 86 223
86 224 86 234
86 235 86 245
87 0 87 10
87 16 87 26
87 27 87 37
87 38 87 48
87 49 87 59
87 60 87 70
87 72 87 82
87 83 87 93
87 94 87 104
87 106 87 116
87 121 87 131
87 146 87 156
87 157 87 167
87 168 87 178
87 179 87 189
87 190 87 200
87 202 87 212
87 213 87 223
87 224 87 234
87 235 87 245
88 0 88 10
88 11 88 21
88 27 88 37
88 38 88 48
88 49 88 59
88 60 88 70
88 71 88 81
88 82 88 92
88 93 88 103
88 108 88 118
88 119 88 129
88 130 88 140
88 141 88 151
88 152 88 162
88 163 88 173
88 174 88 184
88 185 88 195
88 196 88 206
88 209 88 219
88 220 88 230
88 231 88 241
89 0 89 10
89 17 89 27
89 36 89 46
89 54 89 64
89 65 89 75
89 76 89 86
89 87 89 97
89 98 89 108
89 109 89 119
89 120 89 130
89 134 89 144
89 146 89 156
89 157 89 167
89 168 89 178
89 179 89 189
89 190 89 200
89 212 89 222
89 223 89 233
89 234 89 244
90 1 90 11
90 17 90 27
90 28 90 38
90 39 90 49
90 50 90 60
90 61 90 71
90 72 90 82
90 83 90 93
90 94 90 104
90 105 90 115
90 116 90 126
90 128 90 138
90 139 90 149
90 150 90 160
90 161 90 171
90 172 90 182
90 183 90 193
90 194 90 204
90 209 90 219
90 226 90 236
90 238 90 248
91 0 91 10
91 11 91 21
91 22 91 32
91 33 91 43
91 44 91 54
91 55 91 65
91 66 91 76
91 77 91 87
91 88 91 98
91 99 91 109
91 110 91 120
91 121 91 131
91 132 91 142
91 160 91 170
91 171 91 181
91 187 91 197
91 198 91 208
91 209 91 219
91 220 91 230
91 231 91 241
92 0 92 10
92 13 92 23
92 24 92 34
92 35 92 45
92 46 92 56
92 57 92 67
92 68 92 78
92 79 92 89
92 90 92 100
92 102 92 112
92 114 92 124
92 126 92 136
92 142 92 152
92 153 92 163
92 164 92 174
92 175 92 185
92 186 92 196
92 197 92 207
92 208 92 218
92 231 92 241
93 5 93 15
93 16 93 26
93 27 93 37
93 38 93 48
93 49 93 59
93 60 93 70
93 80 93 90
93 91 93 101
93 102 93 112
93 113 93 123
93 124 93 134
93 135 93 145
93 146 93 156
93 157 93 167
93 168 93 178
93 184 93 194
93 195 93 205
93 206 93 216
93 217 93 227
93 228 93 238
94 0 94 10
94 11 94 21
94 22 94 32
94 33 94 43
94 44 94 54
94 55 94 65
94 66 94 76
94 77 94 87
94 88 94 98
94 99 94 109
94 110 94 120
94 121 94 131
94 132 94 142
94 143 94 153
94 154 94 164
94 165 94 175
94 176 94 186
94 187 94 197
94 198 94 208
94 209 94 219
94 220 94 230
94 231 94 241
95 0 95 10
95 11 95 21
95 22 95 32
95 33 95 43
95 44 95 54
95 56 95 66
95 67 95 77
95 78 95 88
95 89 95 99
95 100 95 110
95 111 95 121
95 122 95 132
95 133 95 143
95 144 95 154
95 158 95 168
95 169 95 179
95 187 95 197
95 198 95 208
95 209 95 219
95 220 95 230
95 231 95 241
96 0 96 10
96 11 96 21
96 22 96 32
96 33 96 43
96 44 96 54
96 55 96 65
96 69 96 79
96 80 96 90
96 91 96 101
96 102 96 112
96 121 96 131
96 132 96 142
96 143 96 153
96 154 96 164
96 165 96 175
96 176 96 186
96 187 96 197
96 198 96 208
96 211 96 221
96 222 96 232
96 233 96 243
97 8 97 18
97 21 97 31
97 35 97 45
97 46 97 56
97 57 97 67
97 69 97 79
97 80 97 90
97 95 97 105
97 114 97 124
97 125 97 135
97 136 97 146
97 147 97 157
97 158 97 168
97 169 97 179
97 180 97 190
97 191 97 201
97 202 97 212
97 213 97 223
97 224 97 234
97 235 97 245
98 0 98 10
98 11 98 21
98 22 98 32
98 33 98 43
98 44 98 54
98 55 98 65
98 66 98 76
98 77 98 87
98 99 98 109
98 115 98 125
98 126 98 136
98 137 98 147
98 148 98 158
98 159 98 169
98 170 98 180
98 181 98 191
98 192 98 202
98 204 98 214
98 215 98 225
98 226 98 236
98 237 98 247
99 0 99 10
99 13 99 23
99 24 99 34
99 35 99 45
99 46 99 56
99 57 99 67
99 74 99 84
99 85 99 95
99 96 99 106
99 107 99 117
99 118 99 128
99 131 99 141
99 142 99 152
99 153 99 163
99 164 99 174
99 175 99 185
99 195 99 205
99 206 99 216
99 217 99 227
99 239 99 249
100 0 100 10
100 11 100 21
100 22 100 32
100 35 100 45
100 46 100 56
100 57 100 67
100 68 100 78
100 79 100 89
100 90 100 100
100 111 100 121
100 122 100 132
100 134 100 144
100 145 100 155
100 156 100 166
100 167 100 177
100 178 100 188
100 189 100 199
100 200 100 210
100 211 100 221
100 222 100 232
100 233 100 243
101 0 101 10
101 11 101 21
101 22 101 32
101 33 101 43
101 45 101 55
101 56 101 66
101 67 101 77
101 78 101 88
101 89 101 99
101 100 101 110
101 111 101 121
101 122 101 132
101 133 101 143
101 157 101 167
101 168 101 178
101 187 101 197
101 198 101 208
101 209 101 219
101 224 101 234
101 235 101 245
102 0 102 10
102 11 102 21
102 22 102 32
102 33 102 43
102 44 102 54
102 55 102 65
102 68 102 78
102 79 102 89
102 90 102 100
102 106 102 116
102 117 102 127
102 128 102 138
102 139 102 149
102 150 102 160
102 161 102 171
102 172 102 182
102 183 102 193
102 194 102 204
102 205 102 215
102 216 102 226
102 227 102 237
102 238 102 248
103 0 103 10
103 12 103 22
103 23 103 33
103 34 103 44
103 45 103 55
103 56 103 66
103 67 103 77
103 78 103 88
103 89 103 99
103 104 103 114
103 123 103 133
103 134 103 144
103 145 103 155
103 156 103 166
103 167 103 177
103 198 103 208
103 209 103 219
103 220 103 230
103 231 103 241
104 6 104 16
104 17 104 27
104 28 104 38
104 39 104 49
104 50 104 60
104 69 104 79
104 80 104 90
104 91 104 101
104 102 104 112
104 113 104 123
104 124 104 134
104 135 104 145
104 146 104 156
104 158 104 168
104 171 104 181
104 182 104 192
104 194 104 204
104 206 104 216
104 217 104 227
104 228 104 238
104 239 104 249
105 0 105 10
105 11 105 21
105 22 105 32
105 33 105 43
105 44 105 54
105 55 105 65
105 74 105 84
105 85 105 95
105 96 105 106
105 107 105 117
105 118 105 128
105 129 105 139
105 140 105 150
105 151 105 161
105 162 105 172
105 173 105 183
105 185 105 195
105 203 105 213
105 217 105 227
105 229 105 239
106 0 106 10
106 14 106 24
106 25 106 35
106 36 106 46
106 47 106 57
106 62 106 72
106 74 106 84
106 85 106 95
106 97 106 107
106 108 106 118
106 119 106 129
106 133 106 143
106 144 106 154
106 156 106 166
106 173 106 183
106 184 106 194
106 195 106 205
106 213 106 223
106 224 106 234
106 236 106 246
107 0 107 10
107 11 107 21
107 24 107 34
107 35 107 45
107 46 107 56
107 57 107 67
107 68 107 78
107 79 107 89
107 90 107 100
107 101 107 111
107 112 107 122
107 123 107 133
107 134 107 144
107 145 107 155
107 159 107 169
107 172 107 182
107 183 107 193
107 195 107 205
107 206 107 216
107 217 107 227
107 228 107 238
107 239 107 249
108 0 108 10
108 12 108 22
108 36 108 46
108 47 108 57
108 59 108 69
108 70 108 80
108 81 108 91
108 92 108 102
108 103 108 113
108 115 108 125
108 134 108 144
108 145 108 155
108 156 108 166
108 167 108 177
108 178 108 188
108 189 108 199
108 203 108 213
108 214 108 224
108 225 108 235
108 236 108 246
109 0 109 10
109 11 109 21
109 22 109 32
109 33 109 43
109 45 109 55
109 56 109 66
109 67 109 77
109 79 109 89
109 90 109 100
109 101 109 111
109 117 109 127
109 128 109 138
109 139 109 149
109 150 109 160
109 168 109 178
109 179 109 189
109 190 109 200
109 206 109 216
109 220 109 230
109 231 109 241
110 0 110 10
110 11 110 21
110 22 110 32
110 33 110 43
110 44 110 54
110 56 110 66
110 67 110 77
110 79 110 89
110 90 110 100
110 105 110 115
110 121 110 131
110 133 110 143
110 150 110 160
110 161 110 171
110 173 110 183
110 184 110 194
110 195 110 205
110 206 110 216
110 217 110 227
110 235 110 245
111 12 111 22
111 23 111 33
111 34 111 44
111 45 111 55
111 56 111 66
111 67 111 77
111 78 111 88
111 90 111 100
111 101 111 111
111 112 111 122
111 123 111 133
111 134 111 144
111 145 111 155
111 163 111 173
111 174 111 184
111 185 111 195
111 196 111 206
111 214 111 224
111 225 111 235
111 237 111 247
112 0 112 10
112 18 112 28
112 30 112 40
112 41 112 51
112 52 112 62
112 63 112 73
112 74 112 84
112 85 112 95
112 96 112 106
112 107 112 117
112 118 112 128
112 129 112 139
112 140 112 150
112 151 112 161
112 162 112 172
112 173 112 183
112 184 112 194
112 195 112 205
112 206 112 216
112 217 112 227
112 228 112 238
112 239 112 249
113 0 113 10
113 14 113 24
113 25 113 35
113 49 113 59
113 60 113 70
113 71 113 81
113 82 113 92
113 93 113 103
113 108 113 118
113 119 113 129
113 130 113 140
113 142 113 152
113 158 113 168
113 169 113 179
113 180 113 190
113 196 113 206
113 207 113 217
113 218 113 228
113 229 113 239
114 0 114 10
114 11 114 21
114 22 114 32
114 33 114 43
114 46 114 56
114 57 114 67
114 68 114 78
114 79 114 89
114 90 114 100
114 101 114 111
114 112 114 122
114 123 114 133
114 134 114 144
114 145 114 155
114 156 114 166
114 167 114 177
114 178 114 188
114 189 114 199
114 200 114 210
114 211 114 221
114 232 114 242
115 0 115 10
115 11 115 21
115 22 115 32
115 33 115 43
115 44 115 54
115 55 115 65
115 77 115 87
115 88 115 98
115 99 115 109
115 110 115 120
115 121 115 131
115 132 115 142
115 143 115 153
115 169 115 179
115 180 115 190
115 204 115 214
115 215 115 225
115 226 115 236
115 239 115 249
116 4 116 14
116 26 116 36
116 37 116 47
116 48 116 58
116 59 116 69
116 70 116 80
116 81 116 91
116 92 116 102
116 103 116 113
116 114 116 124
116 125 116 135
116 136 116 146
116 147 116 157
116 158 116 168
116 175 116 185
116 186 116 196
116 198 116 208
116 210 116 220
116 229 116 239
117 1 117 11
117 12 117 22
117 26 117 36
117 37 117 47
117 48 117 58
117 59 117 69
117 70 117 80
117 81 117 91
117 92 117 102
117 103 117 113
117 114 117 124
117 127 117 137
117 138 117 148
117 149 117 159
117 160 117 170
117 171 117 181
117 182 117 192
117 193 117 203
117 204 117 214
117 215 117 225
117 226 117 236
117 237 117 247
118 0 118 10
118 11 118 21
118 22 118 32
118 35 118 45
118 46 118 56
118 57 118 67
118 68 118 78
118 79 118 89
118 95 118 105
118 106 118 116
118 117 118 127
118 128 118 138
118 139 118 149
118 150 118 160
118 161 118 171
118 172 118 182
118 183 118 193
118 194 118 204
118 206 118 216
118 217 118 227
118 231 118 241
119 3 119 13
119 14 119 24
119 25 119 35
119 37 119 47
119 48 119 58
119 59 119 69
119 70 119 80
119 81 119 91
119 92 119 102
119 103 119 113
119 117 119 127
119 132 119 142
119 143 119 153
119 160 119 170
119 173 119 183
119 184 119 194
119 195 119 205
119 206 119 216
119 217 119 227
119 228 119 238
119 239 119 249
120 0 120 10
120 13 120 23
120 27 120 37
120 38 120 48
120 49 120 59
120 60 120 70
120 71 120 81
120 82 120 92
120 94 120 104
120 105 120 115
120 116 120 126
120 127 120 137
120 138 120 148
120 151 120 161
120 166 120 176
120 177 120 187
120 188 120 198
120 199 120 209
120 210 120 220
120 221 120 231
120 232 120 242
121 0 121 10
121 13 121 23
121 30 121 40
121 41 121 51
121 54 121 64
121 65 121 75
121 78 121 88
121 90 121 100
121 101 121 111
121 112 121 122
121 123 121 133
121 134 121 144
121 149 121 159
121 165 121 175
121 176 121 186
121 189 121 199
121 202 121 212
121 215 121 225
121 226 121 236
121 237 121 247
122 6 122 16
122 17 122 27
122 29 122 39
122 42 122 52
122 53 122 63
122 64 122 74
122 75 122 85
122 86 122 96
122 100 122 110
122 111 122 121
122 122 122 132
122 133 122 143
122 146 122 156
122 157 122 167
122 168 122 178
122 181 122 191
122 192 122 202
122 208 122 218
122 219 122 229
122 231 122 241
123 4 123 14
123 15 123 25
123 26 123 36
123 37 123 47
123 49 123 59
123 60 123 70
123 71 123 81
123 84 123 94
123 95 123 105
123 106 123 116
123 120 123 130
123 131 123 141
123 142 123 152
123 153 123 163
123 164 123 174
123 175 123 185
123 186 123 196
123 197 123 207
123 208 123 218
123 219 123 229
123 230 123 240
124 0 124 10
124 11 124 21
124 24 124 34
124 35 124 45
124 46 124 56
124 60 124 70
124 71 124 81
124 82 124 92
124 93 124 103
124 105 124 115
124 116 124 126
124 127 124 137
124 138 124 148
124 149 124 159
124 160 124 170
124 176 124 186
124 192 124 202
124 206 124 216
124 223 124 233
124 234 124 244
125 0 125 10
125 11 125 21
125 22 125 32
125 33 125 43
125 73 125 83
125 88 125 98
125 99 125 109
125 110 125 120
125 121 125 131
125 132 125 142
125 146 125 156
125 157 125 167
125 176 125 186
125 187 125 197
125 198 125 208
125 209 125 219
125 222 125 232
125 233 125 243
126 3 126 13
126 14 126 24
126 28 126 38
126 39 126 49
126 50 126 60
126 63 126 73
126 74 126 84
126 85 126 95
126 96 126 106
126 107 126 117
126 118 126 128
126 130 126 140
126 141 126 151
126 153 126 163
126 164 126 174
126 177 126 187
126 188 126 198
126 199 126 209
126 210 126 220
126 221 126 231
126 232 126 242
127 0 127 10
127 11 127 21
127 22 127 32
127 33 127 43
127 44 127 54
127 55 127 65
127 66 127 76
127 77 127 87
127 91 127 101
127 102 127 112
127 113 127 123
127 124 127 134
127 135 127 145
127 146 127 156
127 157 127 167
127 168 127 178
127 180 127 190
127 197 127 207
127 208 127 218
127 220 127 230
127 231 127 241
128 0 128 10
128 11 128 21
128 22 128 32
128 33 128 43
128 48 128 58
128 61 128 71
128 73 128 83
128 84 128 94
128 95 128 105
128 108 128 118
128 124 128 134
128 135 128 145
128 146 128 156
128 157 128 167
128 168 128 178
128 179 128 189
128 190 128 200
128 202 128 212
128 213 128 223
128 231 128 241
129 2 129 12
129 16 129 26
129 27 129 37
129 39 129 49
129 50 129 60
129 61 129 71
129 82 129 92
129 93 129 103
129 104 129 114
129 115 129 125
129 136 129 146
129 148 129 158
129 159 129 169
129 170 129 180
129 182 129 192
129 193 129 203
129 204 129 214
129 215 129 225
129 226 129 236
129 237 129 247
130 0 130 10
130 11 130 21
130 23 130 33
130 36 130 46
130 47 130 57
130 58 130 68
130 73 130 83
130 84 130 94
130 95 130 105
130 106 130 116
130 117 130 127
130 141 130 151
130 152 130 162
130 163 130 173
130 177 130 187
130 188 130 198
130 199 130 209
130 210 130 220
130 227 130 237
130 238 130 248
131 0 131 10
131 15 131 25
131 26 131 36
131 37 131 47
131 48 131 58
131 59 131 69
131 71 131 81
131 82 131 92
131 93 131 103
131 104 131 114
131 130 131 140
131 141 131 151
131 152 131 162
131 163 131 173
131 174 131 184
131 186 131 196
131 197 131 207
131 208 131 218
131 219 131 229
131 231 131 241
132 0 132 10
132 20 132 30
132 31 132 41
132 42 132 52
132 53 132 63
132 64 132 74
132 75 132 85
132 86 132 96
132 97 132 107
132 109 132 119
132 120 132 130
132 131 132 141
132 142 132 152
132 153 132 163
132 170 132 180
132 181 132 191
132 192 132 202
132 203 132 213
132 214 132 224
132 225 132 235
133 5 133 15
133 16 133 26
133 27 133 37
133 38 133 48
133 49 133 59
133 60 133 70
133 85 133 95
133 99 133 109
133 110 133 120
133 121 133 131
133 132 133 142
133 143 133 153
133 155 133 165
133 166 133 176
133 177 133 187
133 188 133 198
133 203 133 213
133 214 133 224
133 225 133 235
133 236 133 246
134 6 134 16
134 25 134 35
134 36 134 46
134 50 134 60
134 61 134 71
134 72 134 82
134 83 134 93
134 94 134 104
134 105 134 115
134 116 134 126
134 143 134 153
134 155 134 165
134 173 134 183
134 184 134 194
134 195 134 205
134 206 134 216
134 217 134 227
134 228 134 238
135 0 135 10
135 11 135 21
135 22 135 32
135 38 135 48
135 49 135 59
135 60 135 70
135 71 135 81
135 82 135 92
135 93 135 103
135 104 135 114
135 115 135 125
135 133 135 143
135 144 135 154
135 155 135 165
135 166 135 176
135 178 135 188
135 189 135 199
135 201 135 211
135 212 135 222
135 223 135 233
135 234 135 244
136 21 136 31
136 34 136 44
136 50 136 60
136 63 136 73
136 74 136 84
136 85 136 95
136 96 136 106
136 107 136 117
136 124 136 134
136 138 136 148
136 149 136 159
136 160 136 170
136 171 136 181
136 182 136 192
136 193 136 203
136 204 136 214
136 215 136 225
136 226 136 236
136 237 136 247
137 0 137 10
137 11 137 21
137 22 137 32
137 33 137 43
137 44 137 54
137 55 137 65
137 66 137 76
137 77 137 87
137 92 137 102
137 122 137 132
137 133 137 143
137 144 137 154
137 155 137 165
137 166 137 176
137 179 137 189
137 190 137 200
137 201 137 211
137 212 137 222
137 223 137 233
138 0 138 10
138 13 138 23
138 29 138 39
138 40 138 50
138 51 138 61
138 62 138 72
138 73 138 83
138 84 138 94
138 99 138 109
138 110 138 120
138 121 138 131
138 132 138 142
138 151 138 161
138 162 138 172
138 173 138 183
138 184 138 194
138 199 138 209
138 210 138 220
138 221 138 231
138 232 138 242
139 0 139 10
139 11 139 21
139 22 139 32
139 33 139 43
139 44 139 54
139 55 139 65
139 66 139 76
139 77 139 87
139 97 139 107
139 108 139 118
139 119 139 129
139 130 139 140
139 141 139 151
139 157 139 167
139 168 139 178
139 179 139 189
139 190 139 200
139 202 139 212
139 213 139 223
139 226 139 236
139 237 139 247
140 0 140 10
140 11 140 21
140 22 140 32
140 33 140 43
140 57 140 67
140 68 140 78
140 80 140 90
140 91 140 101
140 102 140 112
140 113 140 123
140 124 140 134
140 135 140 145
140 149 140 159
140 161 140 171
140 172 140 182
140 183 140 193
140 194 140 204
140 205 140 215
140 216 140 226
140 228 140 238
140 239 140 249
141 0 141 10
141 11 141 21
141 22 141 32
141 33 141 43
141 44 141 54
141 55 141 65
141 68 141 78
141 79 141 89
141 90 141 100
141 101 141 111
141 112 141 122
141 123 141 133
141 134 141 144
141 145 141 155
141 161 141 171
141 172 141 182
141 183 141 193
141 194 141 204
141 205 141 215
141 216 141 226
141 227 141 237
141 238 141 248
142 0 142 10
142 11 142 21
142 22 142 32
142 33 142 43
142 54 142 64
142 71 142 81
142 82 142 92
142 93 142 103
142 104 142 114
142 115 142 125
142 126 142 136
142 137 142 147
142 148 142 158
142 159 142 169
142 170 142 180
142 182 142 192
142 193 142 203
142 204 142 214
142 215 142 225
142 226 142 236
142 237 142 247
143 0 143 10
143 11 143 21
143 22 143 32
143 33 143 43
143 44 143 54
143 72 143 82
143 83 143 93
143 96 143 106
143 107 143 117
143 118 143 128
143 129 143 139
143 140 143 150
143 151 143 161
143 162 143 172
143 173 143 183
143 184 143 194
143 195 143 205
143 206 143 216
143 218 143 228
143 230 143 240
144 0 144 10
144 11 144 21
144 22 144 32
144 33 144 43
144 52 144 62
144 63 144 73
144 74 144 84
144 87 144 97
144 106 144 116
144 117 144 127
144 128 144 138
144 139 144 149
144 150 144 160
144 161 144 171
144 172 144 182
144 183 144 193
144 197 144 207
144 216 144 226
144 235 144 245
145 0 145 10
145 19 145 29
145 30 145 40
145 42 145 52
145 53 145 63
145 64 145 74
145 75 145 85
145 87 145 97
145 98 145 108
145 109 145 119
145 122 145 132
145 133 145 143
145 144 145 154
145 162 145 172
145 173 145 183
145 184 145 194
145 195 145 205
145 206 145 216
145 217 145 227
145 228 145 238
145 239 145 249
146 0 146 10
146 11 146 21
146 22 146 32
146 33 146 43
146 44 146 54
146 55 146 65
146 66 146 76
146 77 146 87
146 88 146 98
146 108 146 118
146 119 146 129
146 130 146 140
146 141 146 151
146 152 146 162
146 163 146 173
146 174 146 184
146 185 146 195
146 196 146 206
146 207 146 217
146 218 146 228
146 229 146 239
147 0 147 10
147 11 147 21
147 24 147 34
147 35 147 45
147 51 147 61
147 62 147 72
147 81 147 91
147 93 147 103
147 104 147 114
147 115 147 125
147 126 147 136
147 142 147 152
147 153 147 163
147 164 147 174
147 175 147 185
147 186 147 196
147 197 147 207
147 222 147 232
147 233 147 243
148 0 148 10
148 11 148 21
148 25 148 35
148 37 148 47
148 48 148 58
148 59 148 69
148 74 148 84
148 98 148 108
148 109 148 119
148 120 148 130
148 133 148 143
148 144 148 154
148 160 148 170
148 171 148 181
148 185 148 195
148 203 148 213
148 214 148 224
148 225 148 235
148 236 148 246
149 1 149 11
149 18 149 28
149 29 149 39
149 42 149 52
149 56 149 66
149 67 149 77
149 86 149 96
149 97 149 107
149 108 149 118
149 119 149 129
149 136 149 146
149 147 149 157
149 158 149 168
149 176 149 186
149 187 149 197
149 198 149 208
149 209 149 219
149 220 149 230
149 231 149 241
150 2 150 12
150 13 150 23
150 24 150 34
150 35 150 45
150 46 150 56
150 58 150 68
150 69 150 79
150 80 150 90
150 92 150 102
150 103 150 113
150 115 150 125
150 126 150 136
150 137 150 147
150 148 150 158
150 170 150 180
150 182 150 192
150 193 150 203
150 204 150 214
150 215 150 225
150 237 150 247
151 0 151 10
151 14 151 24
151 25 151 35
151 36 151 46
151 47 151 57
151 58 151 68
151 69 151 79
151 80 151 90
151 92 151 102
151 103 151 113
151 114 151 124
151 125 151 135
151 136 151 146
151 147 151 157
151 158 151 168
151 178 151 188
151 189 151 199
151 200 151 210
151 212 151 222
151 223 151 233
151 234 151 244
152 0 152 10
152 11 152 21
152 22 152 32
152 33 152 43
152 48 152 58
152 59 152 69
152 70 152 80
152 85 152 95
152 101 152 111
152 112 152 122
152 123 152 133
152 135 152 145
152 146 152 156
152 158 152 168
152 169 152 179
152 180 152 190
152 191 152 201
152 202 152 212
152 214 152 224
152 233 152 243
153 0 153 10
153 11 153 21
153 22 153 32
153 36 153 46
153 47 153 57
153 60 153 70
153 71 153 81
153 83 153 93
153 94 153 104
153 106 153 116
153 117 153 127
153 128 153 138
153 139 153 149
153 151 153 161
153 162 153 172
153 176 153 186
153 187 153 197
153 198 153 208
153 209 153 219
153 220 153 230
153 233 153 243
154 0 154 10
154 14 154 24
154 32 154 42
154 46 154 56
154 57 154 67
154 68 154 78
154 88 154 98
154 99 154 109
154 110 154 120
154 121 154 131
154 132 154 142
154 143 154 153
154 154 154 164
154 165 154 175
154 176 154 186
154 193 154 203
154 204 154 214
154 215 154 225
154 226 154 236
154 237 154 247
155 4 155 14
155 15 155 25
155 26 155 36
155 37 155 47
155 50 155 60
155 61 155 71
155 72 155 82
155 83 155 93
155 94 155 104
155 105 155 115
155 116 155 126
155 128 155 138
155 139 155 149
155 150 155 160
155 161 155 171
155 172 155 182
155 183 155 193
155 196 155 206
155 207 155 217
155 218 155 228
155 235 155 245
156 6 156 16
156 17 156 27
156 28 156 38
156 39 156 49
156 50 156 60
156 66 156 76
156 77 156 87
156 89 156 99
156 101 156 111
156 112 156 122
156 123 156 133
156 134 156 144
156 145 156 155
156 161 156 171
156 172 156 182
156 183 156 193
156 194 156 204
156 205 156 215
156 217 156 227
156 228 156 238
156 239 156 249
157 0 157 10
157 11 157 21
157 22 157 32
157 39 157 49
157 50 157 60
157 61 157 71
157 75 157 85
157 86 157 96
157 97 157 107
157 108 157 118
157 124 157 134
157 135 157 145
157 146 157 156
157 157 157 167
157 168 157 178
157 179 157 189
157 190 157 200
157 201 157 211
157 213 157 223
157 224 157 234
157 235 157 245
158 0 158 10
158 11 158 21
158 22 158 32
158 33 158 43
158 44 158 54
158 55 158 65
158 70 158 80
158 81 158 91
158 92 158 102
158 103 158 113
158 114 158 124
158 125 158 135
158 136 158 146
158 147 158 157
158 159 158 169
158 170 158 180
158 181 158 191
158 192 158 202
158 203 158 213
158 214 158 224
158 225 158 235
158 236 158 246
159 2 159 12
159 13 159 23
159 24 159 34
159 35 159 45
159 46 159 56
159 57 159 67
159 68 159 78
159 79 159 89
159 90 159 100
159 101 159 111
159 119 159 129
159 130 159 140
159 149 159 159
159 160 159 170
159 171 159 181
159 191 159 201
159 202 159 212
159 213 159 223
159 224 159 234
159 235 159 245
160 0 160 10
160 17 160 27
160 28 160 38
160 39 160 49
160 51 160 61
160 62 160 72
160 74 160 84
160 85 160 95
160 96 160 106
160 107 160 117
160 118 160 128
160 129 160 139
160 140 160 150
160 157 160 167
160 168 160 178
160 182 160 192
160 193 160 203
160 204 160 214
160 215 160 225
160 226 160 236
160 237 160 247
161 0 161 10
161 11 161 21
161 22 161 32
161 33 161 43
161 44 161 54
161 58 161 68
161 69 161 79
161 81 161 91
161 92 161 102
161 103 161 113
161 114 161 124
161 125 161 135
161 136 161 146
161 147 161 157
161 158 161 168
161 169 161 179
161 180 161 190
161 191 161 201
161 202 161 212
161 220 161 230
161 231 161 241
162 0 162 10
162 11 162 21
162 22 162 32
162 33 162 43
162 44 162 54
162 56 162 66
162 67 162 77
162 78 162 88
162 89 162 99
162 100 162 110
162 111 162 121
162 122 162 132
162 133 162 143
162 144 162 154
162 156 162 166
162 167 162 177
162 178 162 188
162 189 162 199
162 200 162 210
162 211 162 221
162 222 162 232
162 235 162 245
163 0 163 10
163 11 163 21
163 22 163 32
163 33 163 43
163 54 163 64
163 65 163 75
163 83 163 93
163 94 163 104
163 109 163 119
163 120 163 130
163 131 163 141
163 146 163 156
163 157 163 167
163 170 163 180
163 181 163 191
163 192 163 202
163 203 163 213
163 214 163 224
163 225 163 235
163 236 163 246
164 3 164 13
164 14 164 24
164 25 164 35
164 36 164 46
164 47 164 57
164 65 164 75
164 76 164 86
164 87 164 97
164 98 164 108
164 109 164 119
164 120 164 130
164 132 164 142
164 143 164 153
164 154 164 164
164 165 164 175
164 176 164 186
164 187 164 197
164 200 164 210
164 211 164 221
164 222 164 232
164 235 164 245
165 1 165 11
165 12 165 22
165 23 165 33
165 34 165 44
165 46 165 56
165 57 165 67
165 68 165 78
165 96 165 106
165 107 165 117
165 118 165 128
165 129 165 139
165 141 165 151
165 158 165 168
165 169 165 179
165 182 165 192
165 193 165 203
165 204 165 214
165 222 165 232
165 233 165 243
166 0 166 10
166 11 166 21
166 22 166 32
166 41 166 51
166 52 166 62
166 63 166 73
166 83 166 93
166 94 166 104
166 105 166 115
166 123 166 133
166 134 166 144
166 146 166 156
166 157 166 167
166 168 166 178
166 179 166 189
166 192 166 202
166 203 166 213
166 214 166 224
166 225 166 235
166 238 166 248
167 4 167 14
167 15 167 25
167 26 167 36
167 37 167 47
167 48 167 58
167 59 167 69
167 70 167 80
167 81 167 91
167 92 167 102
167 103 167 113
167 114 167 124
167 131 167 141
167 142 167 152
167 153 167 163
167 164 167 174
167 175 167 185
167 186 167 196
167 197 167 207
167 208 167 218
167 219 167 229
167 230 167 240
168 0 168 10
168 11 168 21
168 25 168 35
168 36 168 46
168 51 168 61
168 63 168 73
168 74 168 84
168 85 168 95
168 96 168 106
168 107 168 117
168 122 168 132
168 134 168 144
168 147 168 157
168 158 168 168
168 169 168 179
168 180 168 190
168 191 168 201
168 202 168 212
168 215 168 225
168 226 168 236
168 239 168 249
169 0 169 10
169 11 169 21
169 22 169 32
169 33 169 43
169 44 169 54
169 55 169 65
169 66 169 76
169 90 169 100
169 101 169 111
169 113 169 123
169 124 169 134
169 136 169 146
169 147 169 157
169 158 169 168
169 169 169 179
169 180 169 190
169 191 169 201
169 202 169 212
169 213 169 223
169 224 169 234
169 236 169 246
170 0 170 10
170 11 170 21
170 22 170 32
170 39 170 49
170 50 170 60
170 61 170 71
170 72 170 82
170 83 170 93
170 94 170 104
170 105 170 115
170 116 170 126
170 127 170 137
170 138 170 148
170 149 170 159
170 160 170 170
170 171 170 181
170 182 170 192
170 200 170 210
170 223 170 233
170 234 170 244
171 0 171 10
171 11 171 21
171 22 171 32
171 33 171 43
171 44 171 54
171 61 171 71
171 72 171 82
171 83 171 93
171 94 171 104
171 105 171 115
171 116 171 126
171 127 171 137
171 138 171 148
171 150 171 160
171 161 171 171
171 173 171 183
171 184 171 194
171 211 171 221
171 222 171 232
171 233 171 243
172 2 172 12
172 13 172 23
172 24 172 34
172 35 172 45
172 46 172 56
172 57 172 67
172 68 172 78
172 83 172 93
172 94 172 104
172 105 172 115
172 116 172 126
172 127 172 137
172 139 172 149
172 150 172 160
172 173 172 183
172 184 172 194
172 195 172 205
172 206 172 216
172 217 172 227
172 228 172 238
173 1 173 11
173 12 173 22
173 23 173 33
173 35 173 45
173 46 173 56
173 57 173 67
173 68 173 78
173 79 173 89
173 92 173 102
173 115 173 125
173 126 173 136
173 137 173 147
173 159 173 169
173 170 173 180
173 187 173 197
173 204 173 214
173 227 173 237
173 238 173 248
174 0 174 10
174 11 174 21
174 23 174 33
174 34 174 44
174 45 174 55
174 56 174 66
174 67 174 77
174 78 174 88
174 89 174 99
174 102 174 112
174 113 174 123
174 124 174 134
174 135 174 145
174 146 174 156
174 157 174 167
174 168 174 178
174 179 174 189
174 190 174 200
174 201 174 211
174 212 174 222
174 224 174 234
174 238 174 248
175 0 175 10
175 11 175 21
175 22 175 32
175 33 175 43
175 44 175 54
175 55 175 65
175 68 175 78
175 79 175 89
175 90 175 100
175 101 175 111
175 112 175 122
175 123 175 133
175 134 175 144
175 145 175 155
175 162 175 172
175 180 175 190
175 191 175 201
175 202 175 212
175 213 175 223
175 224 175 234
175 236 175 246
176 1 176 11
176 12 176 22
176 23 176 33
176 34 176 44
176 48 176 58
176 61 176 71
176 72 176 82
176 83 176 93
176 94 176 104
176 105 176 115
176 116 176 126
176 127 176 137
176 138 176 148
176 149 176 159
176 160 176 170
176 171 176 181
176 183 176 193
176 194 176 204
176 205 176 215
176 216 176 226
176 227 176 237
176 238 176 248
177 0 177 10
177 14 177 24
177 26 177 36
177 37 177 47
177 48 177 58
177 60 177 70
177 71 177 81
177 82 177 92
177 93 177 103
177 104 177 114
177 115 177 125
177 126 177 136
177 137 177 147
177 148 177 158
177 159 177 169
177 170 177 180
177 183 177 193
177 194 177 204
177 205 177 215
177 216 177 226
177 227 177 237
177 238 177 248
178 0 178 10
178 12 178 22
178 23 178 33
178 34 178 44
178 45 178 55
178 60 178 70
178 71 178 81
178 82 178 92
178 95 178 105
178 106 178 116
178 117 178 127
178 128 178 138
178 146 178 156
178 160 178 170
178 171 178 181
178 182 178 192
178 193 178 203
178 206 178 216
178 217 178 227
178 228 178 238
178 239 178 249
179 0 179 10
179 11 179 21
179 24 179 34
179 35 179 45
179 46 179 56
179 57 179 67
179 68 179 78
179 79 179 89
179 91 179 101
179 103 179 113
179 114 179 124
179 128 179 138
179 139 179 149
179 150 179 160
179 161 179 171
179 172 179 182
179 184 179 194
179 195 179 205
179 206 179 216
179 217 179 227
179 228 179 238
179 239 179 249
180 0 180 10
180 12 180 22
180 23 180 33
180 34 180 44
180 45 180 55
180 56 180 66
180 67 180 77
180 78 180 88
180 89 180 99
180 101 180 111
180 112 180 122
180 123 180 133
180 134 180 144
180 145 180 155
180 157 180 167
180 170 180 180
180 184 180 194
180 202 180 212
180 213 180 223
180 224 180 234
180 236 180 246
181 0 181 10
181 11 181 21
181 22 181 32
181 33 181 43
181 44 181 54
181 58 181 68
181 69 181 79
181 80 181 90
181 91 181 101
181 102 181 112
181 113 181 123
181 125 181 135
181 136 181 146
181 152 181 162
181 163 181 173
181 175 181 185
181 186 181 196
181 197 181 207
181 208 181 218
181 219 181 229
181 230 181 240
182 0 182 10
182 11 182 21
182 22 182 32
182 33 182 43
182 56 182 66
182 67 182 77
182 78 182 88
182 89 182 99
182 100 182 110
182 111 182 121
182 129 182 139
182 146 182 156
182 157 182 167
182 173 182 183
182 184 182 194
182 201 182 211
182 214 182 224
182 233 182 243
183 0 183 10
183 11 183 21
183 22 183 32
183 33 183 43
183 47 183 57
183 59 183 69
183 70 183 80
183 81 183 91
183 92 183 102
183 106 183 116
183 117 183 127
183 134 183 144
183 145 183 155
183 156 183 166
183 167 183 177
183 178 183 188
183 189 183 199
183 200 183 210
183 211 183 221
183 224 183 234
183 235 183 245
184 10 184 20
184 21 184 31
184 32 184 42
184 43 184 53
184 54 184 64
184 65 184 75
184 84 184 94
184 96 184 106
184 107 184 117
184 118 184 128
184 129 184 139
184 140 184 150
184 151 184 161
184 162 184 172
184 181 184 191
184 192 184 202
184 203 184 213
184 214 184 224
184 225 184 235
184 236 184 246
185 0 185 10
185 11 185 21
185 22 185 32
185 33 185 43
185 48 185 58
185 59 185 69
185 70 185 80
185 83 185 93
185 94 185 104
185 105 185 115
185 116 185 126
185 127 185 137
185 138 185 148
185 149 185 159
185 160 185 170
185 171 185 181
185 182 185 192
185 193 185 203
185 204 185 214
185 215 185 225
185 226 185 236
185 237 185 247
186 0 186 10
186 11 186 21
186 22 186 32
186 42 186 52
186 55 186 65
186 66 186 76
186 77 186 87
186 93 186 103
186 104 186 114
186 115 186 125
186 126 186 136
186 137 186 147
186 148 186 158
186 159 186 169
186 170 186 180
186 185 186 195
186 196 186 206
186 207 186 217
186 223 186 233
186 234 186 244
187 0 187 10
187 11 187 21
187 22 187 32
187 33 187 43
187 45 187 55
187 56 187 66
187 70 187 80
187 81 187 91
187 96 187 106
187 107 187 117
187 118 187 128
187 129 187 139
187 140 187 150
187 151 187 161
187 162 187 172
187 173 187 183
187 192 187 202
187 203 187 213
187 214 187 224
187 225 187 235
187 237 187 247
188 0 188 10
188 11 188 21
188 22 188 32
188 33 188 43
188 44 188 54
188 56 188 66
188 67 188 77
188 78 188 88
188 89 188 99
188 100 188 110
188 111 188 121
188 122 188 132
188 134 188 144
188 145 188 155
188 156 188 166
188 167 188 177
188 178 188 188
188 189 188 199
188 200 188 210
188 211 188 221
188 222 188 232
188 233 188 243
189 0 189 10
189 13 189 23
189 24 189 34
189 37 189 47
189 48 189 58
189 59 189 69
189 70 189 80
189 81 189 91
189 100 189 110
189 112 189 122
189 123 189 133
189 137 189 147
189 148 189 158
189 159 189 169
189 170 189 180
189 181 189 191
189 194 189 204
189 206 189 216
189 217 189 227
189 228 189 238
189 239 189 249
190 0 190 10
190 11 190 21
190 37 190 47
190 48 190 58
190 60 190 70
190 71 190 81
190 83 190 93
190 94 190 104
190 110 190 120
190 128 190 138
190 139 190 149
190 150 190 160
190 161 190 171
190 172 190 182
190 185 190 195
190 196 190 206
190 207 190 217
190 219 190 229
190 231 190 241
191 0 191 10
191 18 191 28
191 29 191 39
191 40 191 50
191 51 191 61
191 62 191 72
191 73 191 83
191 84 191 94
191 95 191 105
191 106 191 116
191 117 191 127
191 128 191 138
191 139 191 149
191 154 191 164
191 166 191 176
191 193 191 203
191 204 191 214
191 215 191 225
191 226 191 236
192 0 192 10
192 11 192 21
192 22 192 32
192 33 192 43
192 44 192 54
192 55 192 65
192 67 192 77
192 78 192 88
192 95 192 105
192 109 192 119
192 120 192 130
192 131 192 141
192 142 192 152
192 153 192 163
192 164 192 174
192 175 192 185
192 186 192 196
192 197 192 207
192 211 192 221
192 222 192 232
192 233 192 243
193 1 193 11
193 12 193 22
193 23 193 33
193 34 193 44
193 45 193 55
193 56 193 66
193 67 193 77
193 79 193 89
193 90 193 100
193 102 193 112
193 113 193 123
193 124 193 134
193 135 193 145
193 148 193 158
193 159 193 169
193 170 193 180
193 183 193 193
193 194 193 204
193 205 193 215
193 216 193 226
193 227 193 237
193 238 193 248
194 0 194 10
194 11 194 21
194 22 194 32
194 41 194 51
194 52 194 62
194 63 194 73
194 74 194 84
194 85 194 95
194 96 194 106
194 107 194 117
194 119 194 129
194 130 194 140
194 150 194 160
194 161 194 171
194 173 194 183
194 187 194 197
194 205 194 215
194 219 194 229
194 230 194 240
195 0 195 10
195 11 195 21
195 22 195 32
195 33 195 43
195 44 195 54
195 55 195 65
195 66 195 76
195 77 195 87
195 88 195 98
195 99 195 109
195 110 195 120
195 123 195 133
195 135 195 145
195 146 195 156
195 159 195 169
195 170 195 180
195 181 195 191
195 192 195 202
195 204 195 214
195 215 195 225
195 226 195 236
195 237 195 247
196 4 196 14
196 15 196 25
196 26 196 36
196 37 196 47
196 48 196 58
196 60 196 70
196 71 196 81
196 88 196 98
196 99 196 109
196 110 196 120
196 121 196 131
196 149 196 159
196 163 196 173
196 174 196 184
196 185 196 195
196 196 196 206
196 208 196 218
196 219 196 229
196 230 196 240
197 0 197 10
197 11 197 21
197 22 197 32
197 34 197 44
197 45 197 55
197 56 197 66
197 67 197 77
197 80 197 90
197 91 197 101
197 102 197 112
197 113 197 123
197 124 197 134
197 135 197 145
197 146 197 156
197 157 197 167
197 168 197 178
197 179 197 189
197 190 197 200
197 205 197 215
197 216 197 226
197 228 197 238
197 239 197 249
198 1 198 11
198 24 198 34
198 40 198 50
198 52 198 62
198 63 198 73
198 84 198 94
198 95 198 105
198 109 198 119
198 122 198 132
198 134 198 144
198 147 198 157
198 158 198 168
198 169 198 179
198 180 198 190
198 191 198 201
198 202 198 212
198 216 198 226
198 227 198 237
198 238 198 248
199 3 199 13
199 14 199 24
199 25 199 35
199 36 199 46
199 47 199 57
199 58 199 68
199 69 199 79
199 83 199 93
199 98 199 108
199 116 199 126
199 127 199 137
199 138 199 148
199 151 199 161
199 162 199 172
199 173 199 183
199 187 199 197
199 198 199 208
199 209 199 219
199 220 199 230
199 231 199 241
