3796
0 0 11 0
0 4 10 4
0 7 11 7
0 8 11 8
0 9 5 10
0 11 5 12
0 14 11 14
0 15 3 17
0 18 1 22
0 23 1 28
0 33 0 44
0 46 0 56
0 57 0 68
0 71 1 76
0 78 0 89
0 90 0 99
0 100 4 101
0 104 3 106
0 108 1 112
0 114 1 118
0 119 0 130
0 132 0 143
0 145 1 150
0 151 2 154
0 157 0 168
0 174 0 185
0 189 1 194
0 199 1 204
0 205 1 210
0 211 1 215
0 216 1 221
0 222 0 231
0 232 0 242
0 244 3 246
0 247 3 249
1 1 6 2
1 5 6 6
1 29 1 40
1 47 1 58
1 59 1 70
1 78 1 88
1 96 3 99
1 102 4 103
1 119 1 130
1 132 1 143
1 158 1 169
1 170 12 170
1 171 2 176
1 177 1 188
1 223 2 228
1 229 9 229
1 230 12 230
1 234 1 243
2 19 2 30
2 33 2 43
2 44 2 54
2 60 2 71
2 74 3 79
2 81 2 92
2 111 2 122
2 124 2 135
2 137 2 148
2 156 13 156
2 157 13 157
2 161 13 161
2 162 7 163
2 166 4 169
2 179 2 190
2 196 13 196
2 199 7 200
2 201 4 204
2 205 3 210
2 212 3 217
2 218 4 221
2 222 11 222
2 234 4 237
2 238 4 241
3 13 14 13
3 18 4 23
3 24 4 28
3 31 3 42
3 43 4 48
3 49 3 56
3 58 3 69
3 71 6 73
3 84 3 95
3 107 3 118
3 119 3 130
3 133 3 144
3 145 3 155
3 158 13 158
3 159 8 160
3 164 14 164
3 172 14 172
3 174 6 176
3 179 3 189
3 190 6 192
3 194 7 195
3 197 14 197
3 225 8 226
3 227 7 228
3 231 12 231
4 15 9 16
4 30 4 41
4 50 4 61
4 62 4 70
4 74 4 85
4 88 4 99
4 106 4 117
4 121 6 124
4 125 4 134
4 135 4 146
4 150 5 155
4 177 4 188
4 198 15 198
4 205 4 215
4 223 8 224
4 233 15 233
4 245 7 247
5 23 5 34
5 37 5 48
5 50 5 61
5 63 7 66
5 68 8 70
5 75 5 85
5 86 5 97
5 99 5 109
5 111 6 116
5 117 7 120
5 126 5 137
5 138 5 149
5 178 5 189
5 202 16 202
5 203 15 203
5 204 16 204
5 205 5 216
5 218 7 221
5 232 12 232
5 235 8 237
5 239 6 244
6 9 9 11
6 12 17 12
6 20 9 22
6 36 6 47
6 55 7 60
6 75 17 75
6 76 9 78
6 79 9 81
6 83 6 94
6 95 6 106
6 128 11 129
6 130 6 141
6 142 6 153
6 171 17 171
6 178 6 189
6 201 16 201
6 206 7 211
7 1 10 3
7 5 12 6
7 17 10 19
7 23 12 24
7 27 10 29
7 31 9 34
7 35 9 38
7 40 7 51
7 71 9 74
7 82 10 84
7 85 10 86
7 87 9 90
7 91 10 93
7 94 7 105
7 106 7 116
7 122 9 125
7 130 9 133
7 134 9 136
7 137 7 147
7 148 7 155
7 165 10 167
7 168 16 168
7 169 16 169
7 173 10 175
7 176 18 176
7 177 12 178
7 182 7 193
7 213 12 214
7 215 18 215
7 239 8 244
8 25 13 26
8 41 8 52
8 56 8 67
8 94 10 97
8 99 9 104
8 110 8 121
8 142 8 153
8 162 17 162
8 163 19 163
8 179 11 181
8 182 17 182
8 183 13 184
8 185 8 194
8 199 12 200
8 205 10 208
8 209 12 210
8 211 19 211
8 212 19 212
8 216 9 221
9 46 10 51
9 52 11 55
9 58 12 60
9 61 11 64
9 65 11 68
9 109 13 110
9 114 12 116
9 117 11 120
9 126 20 126
9 138 10 143
9 144 9 155
9 185 17 185
9 186 12 188
9 189 10 194
9 224 10 228
9 234 10 237
9 238 12 240
9 241 12 243
9 244 12 246
10 10 21 10
10 11 21 11
10 15 15 16
10 20 12 22
10 30 13 32
10 33 10 44
10 56 15 57
10 72 13 74
10 76 18 76
10 77 19 77
10 98 21 98
10 99 10 108
10 111 13 113
10 121 13 122
10 123 21 123
10 124 21 124
10 130 11 135
10 144 10 155
10 217 11 221
10 247 14 248
10 249 21 249
11 27 13 29
11 33 11 44
11 46 12 51
11 78 11 89
11 93 22 93
11 94 21 94
11 95 14 97
11 99 15 100
11 101 13 104
11 105 13 108
11 125 22 125
11 127 22 127
11 136 12 141
11 144 11 155
11 165 14 167
11 173 14 175
11 190 12 195
11 205 15 206
11 207 16 208
11 224 12 229
11 234 13 237
12 0 13 4
12 8 16 9
12 33 13 37
12 38 13 43
12 53 21 53
12 54 17 55
12 61 22 61
12 62 21 62
12 63 13 68
12 78 12 89
12 91 22 91
12 92 20 92
12 131 23 131
12 132 21 132
12 142 15 144
12 145 13 150
12 151 20 151
12 152 21 152
12 153 21 153
12 154 21 154
12 155 20 155
12 216 17 217
13 19 14 24
13 44 23 44
13 45 18 46
13 49 15 52
13 58 16 60
13 70 18 71
13 79 16 81
13 82 24 82
13 83 15 86
13 115 15 118
13 136 14 141
13 177 18 178
13 190 14 195
13 199 16 200
13 209 18 210
13 213 18 214
13 218 14 223
13 224 16 226
13 227 14 232
13 239 14 244
13 246 24 246
14 0 17 2
14 3 17 5
14 6 19 7
14 27 14 37
14 39 17 41
14 42 19 43
14 47 19 48
14 67 17 69
14 87 16 90
14 103 14 114
14 122 25 122
14 133 17 135
14 149 19 150
14 156 19 157
14 179 17 181
14 186 17 188
14 234 16 237
15 19 16 24
15 25 15 36
15 64 26 64
15 65 20 66
15 72 18 74
15 103 15 114
15 119 18 121
15 128 26 128
15 159 20 160
15 164 17 167
15 172 17 175
15 189 15 197
15 218 16 223
15 227 16 232
15 239 16 244
15 247 18 248
16 13 18 15
16 26 18 29
16 30 17 34
16 49 21 50
16 63 27 63
16 96 19 97
16 99 16 110
16 112 17 117
16 129 21 130
16 137 16 148
16 158 27 158
16 189 16 197
17 16 18 19
17 20 18 25
17 51 22 52
17 56 27 56
17 57 22 58
17 59 26 59
17 78 20 80
17 83 20 85
17 99 18 104
17 105 18 110
17 137 20 139
17 140 21 141
17 143 20 145
17 146 20 148
17 194 27 194
17 195 22 196
17 218 17 229
17 231 17 242
18 0 23 1
18 8 23 9
18 30 18 41
18 55 29 55
18 67 22 68
18 86 21 88
18 89 22 90
18 113 19 117
18 118 29 118
18 133 20 136
18 161 23 162
18 164 18 175
18 180 18 190
18 197 18 208
18 217 18 228
18 229 21 231
18 232 21 234
18 236 20 239
18 240 19 245
19 2 21 5
19 13 19 24
19 25 22 27
19 28 22 30
19 31 19 41
19 46 30 46
19 69 21 71
19 73 21 76
19 81 30 81
19 100 21 103
19 104 21 107
19 109 23 110
19 164 20 169
19 170 19 181
19 182 19 193
19 197 20 202
19 203 19 210
19 213 19 223
19 224 20 228
19 247 24 248
20 13 20 24
20 31 20 42
20 47 31 47
20 95 22 97
20 111 23 113
20 114 22 117
20 119 23 121
20 156 25 157
20 163 31 163
20 172 22 175
20 176 20 187
20 190 22 193
20 204 21 208
20 210 21 213
20 214 21 219
20 220 22 223
20 242 22 244
21 12 21 23
21 35 23 38
21 40 23 43
21 142 21 151
21 159 26 160
21 164 23 166
21 167 22 171
21 180 22 185
21 187 24 189
21 198 22 203
21 236 22 241
22 2 23 7
22 12 22 23
22 48 25 50
22 69 22 80
22 83 23 88
22 98 24 101
22 102 30 102
22 105 30 105
22 132 27 133
22 134 22 145
22 147 22 155
22 205 22 216
22 224 23 229
22 230 23 235
23 10 23 21
23 22 23 33
23 61 33 61
23 65 28 66
23 67 23 77
23 78 26 80
23 89 34 89
23 90 28 91
23 106 28 107
23 123 25 126
23 129 28 130
23 135 23 146
23 147 23 155
23 167 23 177
23 178 24 183
23 191 28 192
23 195 23 204
23 205 23 216
23 217 24 222
23 236 23 245
24 0 24 11
24 14 24 25
24 26 24 37
24 40 26 43
24 51 26 54
24 57 29 58
24 60 35 60
24 67 25 72
24 73 26 76
24 84 27 86
24 87 34 87
24 93 26 96
24 103 35 103
24 108 35 108
24 110 35 110
24 111 35 111
24 112 25 117
24 135 24 146
24 147 27 149
24 151 29 152
24 153 27 155
24 161 35 161
24 164 25 169
24 171 25 176
24 195 24 206
24 208 25 213
24 223 25 227
24 230 27 232
24 233 27 234
24 235 24 245
25 1 28 3
25 7 26 12
25 13 25 24
25 27 25 38
25 44 30 45
25 62 35 62
25 97 26 101
25 109 35 109
25 119 28 121
25 137 27 140
25 141 36 141
25 178 26 183
25 184 36 184
25 185 26 189
25 190 35 190
25 196 25 207
25 217 26 222
25 238 25 247
25 248 36 248
25 249 35 249
26 13 26 24
26 27 26 38
26 39 37 39
26 68 37 68
26 69 37 69
26 82 30 83
26 88 37 88
26 104 37 104
26 112 27 117
26 123 28 126
26 134 31 135
26 142 29 144
26 166 26 177
26 198 27 203
26 204 26 215
26 225 31 226
26 235 27 240
26 244 28 247
27 0 38 0
27 4 27 15
27 16 27 26
27 27 32 28
27 29 32 30
27 31 29 34
27 37 32 38
27 48 28 53
27 59 38 59
27 70 38 70
27 74 31 75
27 76 30 78
27 79 30 80
27 96 28 101
27 128 38 128
27 164 38 164
27 165 28 170
27 172 29 175
27 176 29 179
27 180 29 183
27 185 30 187
27 204 27 215
27 216 27 224
27 227 30 229
28 4 28 15
28 16 29 21
28 22 31 24
28 40 30 43
28 72 32 73
28 84 31 86
28 92 33 93
28 94 33 95
28 136 31 138
28 145 29 150
28 153 31 155
28 157 30 160
28 162 35 162
28 188 33 189
28 194 28 205
28 210 29 215
28 216 39 216
28 217 30 219
28 220 31 222
28 230 30 232
28 233 30 236
28 239 30 242
29 3 29 14
29 35 34 36
29 48 31 50
29 51 34 52
29 56 40 56
29 63 31 66
29 71 39 71
29 90 33 91
29 96 30 101
29 114 34 115
29 121 31 124
29 125 34 126
29 127 40 127
29 129 34 130
29 131 32 133
29 140 40 140
29 165 40 165
29 166 40 166
29 167 39 167
29 191 29 202
29 207 39 207
29 208 40 208
29 243 30 247
30 2 30 13
30 14 31 19
30 31 32 34
30 58 41 58
30 67 41 67
30 106 35 107
30 112 35 113
30 116 31 120
30 139 41 139
30 149 32 152
30 170 30 181
30 182 35 183
30 193 30 202
30 209 41 209
30 211 33 213
30 215 38 215
31 1 31 12
31 25 34 26
31 40 36 41
31 42 33 45
31 53 34 55
31 76 33 79
31 80 33 83
31 97 32 102
31 105 42 105
31 142 32 147
31 156 32 160
31 168 31 178
31 185 34 187
31 191 31 202
31 203 34 205
31 219 42 219
31 224 42 224
31 227 42 227
31 228 41 228
31 229 32 234
31 235 31 246
32 2 34 4
32 5 43 5
32 8 37 9
32 10 33 13
32 17 34 20
32 21 34 24
32 46 33 50
32 57 43 57
32 64 37 65
32 66 42 66
32 117 33 122
32 168 43 168
32 170 32 180
32 192 35 194
32 199 34 202
32 217 43 217
32 218 43 218
32 220 37 221
32 222 42 222
32 223 43 223
32 225 36 226
32 236 32 247
33 6 44 6
33 7 44 7
33 14 36 16
33 27 35 29
33 30 34 34
33 96 35 99
33 100 36 102
33 124 43 124
33 131 36 133
33 135 36 137
33 138 41 138
33 148 36 150
33 152 35 155
33 156 35 159
33 170 34 175
33 195 35 198
33 229 35 232
33 235 33 246
34 10 36 13
34 42 37 44
34 45 35 50
34 72 39 73
34 75 35 80
34 81 38 82
34 83 39 84
34 91 35 95
34 117 35 122
34 123 45 123
34 142 37 144
34 145 37 147
34 176 35 181
34 210 35 214
34 235 35 239
34 243 38 244
34 247 45 247
35 1 37 4
35 17 35 25
35 30 36 35
35 36 40 37
35 51 40 52
35 54 40 55
35 85 37 87
35 126 45 126
35 169 40 170
35 171 39 172
35 240 38 242
36 17 36 28
36 45 41 46
36 47 47 47
36 49 40 50
36 60 38 63
36 74 41 75
36 76 41 77
36 78 38 80
36 89 36 98
36 106 37 111
36 112 36 122
36 125 45 125
36 151 36 161
36 162 40 163
36 174 36 183
36 188 37 193
36 194 36 204
36 211 38 214
36 230 36 239
36 245 47 245
36 246 47 246
37 11 40 13
37 14 37 24
37 25 39 28
37 30 38 35
37 48 48 48
37 89 37 99
37 100 40 102
37 113 37 121
37 122 47 122
37 130 39 133
37 134 38 137
37 148 37 159
37 173 40 175
37 176 37 187
37 196 38 201
37 202 38 206
37 225 42 226
37 234 38 238
38 8 41 10
38 14 40 16
38 17 39 22
38 38 49 38
38 41 41 43
38 44 47 44
38 68 43 69
38 85 43 86
38 87 41 89
38 90 39 95
38 96 40 98
38 103 43 104
38 108 46 108
38 111 40 114
38 115 43 116
38 117 39 121
38 141 41 143
38 144 42 145
38 150 38 161
38 176 43 177
38 178 40 181
38 182 38 193
38 230 49 230
38 248 43 249
39 0 42 2
39 3 44 4
39 30 44 31
39 32 50 32
39 33 50 33
39 40 50 40
39 53 50 53
39 59 41 62
39 106 43 107
39 109 44 110
39 129 50 129
39 146 42 148
39 149 42 151
39 152 41 155
39 156 40 161
39 183 39 194
39 195 50 195
39 196 50 196
39 197 50 197
39 198 42 200
39 201 40 206
39 210 42 212
39 214 44 215
39 220 42 221
39 233 39 244
40 17 40 28
40 34 44 35
40 39 51 39
40 63 43 65
40 70 42 73
40 79 41 84
40 93 45 94
40 117 42 120
40 128 51 128
40 130 51 130
40 131 50 131
40 132 41 137
40 182 40 193
40 229 50 229
40 232 40 243
41 16 41 27
41 49 52 49
41 54 44 56
41 90 44 92
41 95 43 98
41 99 43 102
41 111 43 114
41 156 41 167
41 170 42 175
41 178 52 178
41 179 46 180
41 181 52 181
41 182 52 182
41 183 41 194
41 201 52 201
41 202 46 203
41 204 46 205
41 231 43 234
41 243 52 243
41 244 52 244
42 8 44 11
42 13 44 16
42 17 44 20
42 21 44 23
42 24 43 29
42 37 52 37
42 50 53 50
42 52 51 52
42 58 44 61
42 74 42 83
42 127 53 127
42 132 42 143
42 153 42 164
42 183 43 188
42 206 45 208
42 235 43 240
42 241 53 241
42 242 53 242
43 36 54 36
43 41 47 42
43 72 43 83
43 120 47 121
43 132 43 139
43 140 43 151
43 153 43 164
43 190 45 193
43 194 54 194
43 198 45 200
43 219 45 222
43 225 45 228
44 25 45 29
44 43 55 43
44 45 49 46
44 64 44 75
44 78 44 89
44 95 44 106
44 111 44 119
44 137 47 139
44 140 47 142
44 145 49 146
44 151 55 151
44 152 45 157
44 159 44 170
44 173 45 177
44 184 53 184
44 185 47 186
44 187 47 189
44 209 46 212
44 216 47 218
44 231 47 233
44 238 47 240
45 1 47 4
45 5 45 12
45 13 45 24
45 34 50 35
45 54 45 64
45 69 45 80
45 82 47 84
45 88 48 90
45 95 45 106
45 109 45 119
45 132 48 134
45 147 50 148
45 150 55 150
45 161 45 172
45 183 56 183
45 213 48 215
45 234 47 237
46 5 46 16
46 17 48 20
46 21 49 23
46 25 49 27
46 29 49 31
46 51 57 51
46 54 46 65
46 66 46 75
46 76 47 81
46 91 49 93
46 94 46 105
46 111 48 114
46 115 49 117
46 124 49 126
46 149 57 149
46 152 51 153
46 155 48 157
46 158 51 159
46 160 49 162
46 165 56 165
46 166 46 177
46 191 51 192
46 193 57 193
46 219 46 228
46 247 49 249
47 5 47 16
47 54 49 57
47 58 51 59
47 60 48 65
47 69 48 74
47 94 47 104
47 135 52 136
47 166 47 177
47 179 52 180
47 198 50 200
47 204 48 209
47 210 50 212
47 220 48 225
47 226 50 228
48 0 50 3
48 9 53 10
48 11 49 16
48 41 52 42
48 44 56 44
48 76 48 87
48 94 49 98
48 99 48 110
48 118 49 123
48 137 52 138
48 139 49 144
48 163 53 164
48 167 48 177
48 202 59 202
48 203 59 203
48 231 48 240
48 245 53 246
49 4 50 8
49 60 51 63
49 65 49 76
49 78 49 89
49 105 50 110
49 154 54 155
49 156 54 157
49 166 54 167
49 171 52 173
49 185 52 187
49 188 52 190
49 204 53 205
49 206 51 209
49 214 49 225
49 231 60 231
49 234 50 239
50 11 52 14
50 20 50 31
50 45 52 47
50 54 53 55
50 66 50 75
50 76 52 79
50 80 50 91
50 93 50 104
50 111 50 122
50 139 52 142
50 168 54 169
50 174 52 177
50 213 50 223
50 247 53 248
50 249 61 249
51 0 51 8
51 15 52 20
51 22 51 32
51 64 51 75
51 87 51 98
51 102 53 105
51 106 54 108
51 109 52 114
51 115 52 120
51 121 52 126
51 143 52 148
51 160 54 162
51 170 62 170
51 195 56 196
51 211 51 222
51 223 53 226
51 229 56 230
51 232 62 232
51 233 56 234
51 235 56 236
52 0 57 1
52 3 53 8
52 21 52 32
52 52 57 53
52 57 55 59
52 60 63 60
52 61 57 62
52 63 55 65
52 66 53 71
52 80 53 85
52 88 52 99
52 128 53 133
52 191 57 192
52 197 54 200
52 209 52 220
53 12 53 22
53 24 53 35
53 37 54 42
53 74 58 75
53 76 55 79
53 87 56 88
53 90 53 101
53 111 54 116
53 117 63 117
53 118 55 120
53 125 61 125
53 134 55 137
53 138 64 138
53 139 58 140
53 141 56 143
53 144 62 144
53 171 58 172
53 173 55 175
53 179 64 179
53 185 54 190
53 201 63 201
53 207 58 208
53 209 54 212
53 213 53 222
53 238 63 238
54 2 54 9
54 10 54 21
54 22 54 33
54 45 55 49
54 54 57 56
54 68 55 73
54 80 57 82
54 83 56 86
54 89 65 89
54 90 56 93
54 94 55 99
54 101 65 101
54 102 65 102
54 122 57 124
54 126 65 126
54 127 56 130
54 131 57 133
54 145 56 148
54 176 57 178
54 205 59 206
54 216 56 219
54 221 56 224
54 225 56 228
54 237 65 237
54 239 65 239
54 240 65 240
54 241 59 242
54 243 55 247
54 248 63 248
55 2 57 4
55 6 60 7
55 9 66 9
55 10 57 13
55 14 56 19
55 20 58 22
55 23 56 28
55 29 63 29
55 30 55 41
55 104 57 107
55 108 57 111
55 152 55 163
55 180 58 182
55 185 56 190
55 197 57 199
55 200 66 200
55 210 56 215
56 30 56 41
56 45 57 50
56 58 61 59
56 63 58 66
56 70 61 71
56 72 67 72
56 73 67 73
56 76 58 79
56 94 57 99
56 112 67 112
56 114 59 116
56 118 58 121
56 134 61 135
56 136 61 137
56 150 56 160
56 204 65 204
56 245 59 247
57 5 68 5
57 8 68 8
57 14 58 19
57 23 58 28
57 33 57 44
57 85 59 88
57 141 59 143
57 145 67 145
57 146 60 148
57 150 66 150
57 151 58 156
57 158 57 169
57 173 62 174
57 183 57 190
57 196 68 196
57 209 60 211
57 212 64 212
57 213 60 214
57 215 68 215
57 216 68 216
57 218 58 222
57 224 58 229
57 233 59 236
58 0 61 2
58 30 58 41
58 42 58 53
58 61 69 61
58 67 60 69
58 81 60 84
58 92 58 100
58 103 63 104
58 107 61 109
58 110 68 110
58 111 68 111
58 122 61 124
58 127 61 129
58 130 63 131
58 133 68 133
58 157 58 167
58 168 61 169
58 175 63 176
58 177 63 178
58 183 58 194
58 197 69 197
58 217 69 217
58 243 63 244
59 3 64 4
59 10 60 15
59 16 59 27
59 31 62 33
59 34 62 36
59 38 60 43
59 44 62 45
59 46 59 57
59 62 60 66
59 75 60 80
59 90 62 92
59 94 60 98
59 99 64 100
59 105 70 105
59 106 70 106
59 113 70 113
59 118 61 121
59 149 67 149
59 151 62 153
59 154 60 159
59 161 62 163
59 164 61 167
59 180 59 191
59 193 62 195
59 198 64 199
59 219 60 224
59 225 60 230
60 17 60 28
60 46 61 51
60 52 61 57
60 74 71 74
60 87 65 88
60 114 65 115
60 139 62 142
60 172 70 172
60 180 68 180
60 181 68 181
60 182 65 183
60 184 62 186
60 205 62 208
60 241 65 242
60 245 63 247
61 6 66 7
61 10 61 19
61 20 61 28
61 38 62 43
61 62 72 62
61 67 64 69
61 75 71 75
61 76 72 76
61 77 62 81
61 82 66 83
61 85 66 86
61 93 62 98
61 143 72 143
61 147 69 147
61 148 72 148
61 154 64 156
61 157 63 160
61 187 62 192
61 202 66 203
61 210 71 210
61 213 70 213
61 214 72 214
61 220 61 231
61 233 63 236
62 0 65 2
62 10 63 15
62 17 62 26
62 47 62 58
62 70 67 71
62 107 69 107
62 108 67 109
62 118 65 120
62 122 64 125
62 134 64 137
62 146 73 146
62 219 62 227
62 228 63 231
63 16 63 27
63 30 63 41
63 42 64 46
63 47 63 58
63 63 74 63
63 65 74 65
63 79 68 80
63 92 73 92
63 94 66 96
63 128 68 129
63 140 66 142
63 161 64 166
63 167 66 169
63 173 68 174
63 184 65 187
63 188 66 190
63 191 64 195
63 206 65 209
63 218 74 218
63 220 64 225
63 227 74 227
63 249 74 249
64 15 64 26
64 29 64 40
64 50 65 55
64 57 66 60
64 64 75 64
64 77 69 78
64 90 75 90
64 93 73 93
64 97 75 97
64 103 69 104
64 144 71 144
64 229 66 232
64 233 66 236
64 243 65 248
65 12 68 14
65 18 66 23
65 25 65 36
65 38 76 38
65 39 70 40
65 41 69 42
65 44 68 46
65 47 67 49
65 81 76 81
65 91 75 91
65 121 67 124
65 130 68 132
65 134 68 136
65 137 68 139
65 151 66 156
65 158 66 163
65 175 66 179
65 191 67 193
65 199 76 199
65 225 69 226
66 1 71 2
66 3 71 4
66 11 77 11
66 24 68 26
66 27 68 30
66 31 67 36
66 50 77 50
66 51 75 51
66 68 71 69
66 87 71 88
66 99 71 100
66 101 71 102
66 116 68 119
66 126 71 127
66 165 77 165
66 170 71 171
66 182 68 185
66 194 71 195
66 204 67 209
66 211 71 212
66 219 71 220
66 221 68 224
66 237 66 248
67 9 71 10
67 16 67 23
67 52 67 60
67 66 72 67
67 82 76 82
67 89 78 89
67 94 72 95
67 114 71 115
67 150 72 151
67 152 70 153
67 154 67 164
67 166 72 167
67 168 72 169
67 175 68 179
67 186 72 187
67 188 72 189
67 190 78 190
67 201 69 203
67 228 68 233
67 236 67 247
68 6 79 6
68 18 69 23
68 34 70 37
68 47 71 49
68 52 73 53
68 55 69 60
68 70 71 72
68 84 71 86
68 120 70 122
68 140 71 142
68 145 79 145
68 149 79 149
68 159 79 159
68 163 71 164
68 191 79 191
68 192 78 192
68 193 76 193
68 200 78 200
68 204 70 207
68 235 68 246
69 12 80 12
69 13 70 17
69 24 69 33
69 80 80 80
69 98 80 98
69 108 70 112
69 116 71 119
69 124 74 125
69 129 69 139
69 156 72 158
69 175 69 185
69 221 71 223
69 229 71 232
69 233 70 238
69 243 72 245
69 246 72 248
70 7 81 7
70 8 79 8
70 23 72 26
70 28 71 33
70 42 71 46
70 54 73 56
70 57 75 58
70 59 72 61
70 77 72 79
70 129 70 138
70 147 81 147
70 160 73 162
70 173 70 184
70 196 73 198
70 201 73 203
70 215 73 217
70 224 73 226
71 13 71 22
71 83 82 83
71 103 71 113
71 129 73 132
71 133 72 138
71 174 71 185
71 204 72 209
71 234 71 242
72 0 75 2
72 3 75 5
72 14 75 16
72 18 74 21
72 27 72 37
72 39 73 43
72 46 77 47
72 48 76 49
72 70 74 73
72 100 72 108
72 110 75 112
72 113 72 123
72 141 83 141
72 152 74 155
72 172 72 183
72 195 83 195
72 211 75 213
72 219 74 222
72 228 72 239
73 9 78 10
73 22 74 27
73 28 74 33
73 34 75 37
73 44 78 45
73 59 75 62
73 66 75 69
73 75 75 78
73 84 84 84
73 87 78 88
73 106 75 109
73 113 74 117
73 118 74 123
73 148 84 148
73 150 84 150
73 163 78 164
73 166 73 177
73 183 74 188
73 194 84 194
73 204 75 207
73 208 75 210
73 229 73 240
73 242 74 246
74 40 76 43
74 52 75 56
74 92 76 94
74 95 79 96
74 100 75 105
74 129 74 140
74 142 77 144
74 146 85 146
74 166 74 175
74 181 79 182
74 196 79 197
74 201 77 203
74 216 83 216
74 223 75 226
74 228 77 229
74 230 74 241
75 18 86 18
75 19 76 24
75 26 76 31
75 65 86 65
75 85 86 85
75 114 75 124
75 127 75 138
75 151 77 154
75 156 86 156
75 157 86 157
75 158 86 158
75 166 75 177
75 178 78 180
75 183 86 183
75 184 76 189
75 198 85 198
75 217 84 217
75 218 77 221
75 234 75 244
75 245 76 248
75 249 84 249
76 0 85 0
76 1 79 3
76 4 81 5
76 13 78 16
76 52 76 63
76 66 79 68
76 69 79 71
76 72 79 74
76 77 79 79
76 86 86 86
76 99 76 110
76 111 79 113
76 116 77 121
76 126 76 137
76 139 81 140
76 161 87 161
76 167 77 172
76 173 81 174
76 175 79 177
76 204 77 209
76 210 77 215
76 222 77 227
76 231 76 242
77 19 82 20
77 23 88 23
77 26 88 26
77 27 87 27
77 28 77 38
77 40 78 43
77 52 77 63
77 81 88 81
77 82 88 82
77 90 78 94
77 99 77 110
77 123 77 134
77 135 79 138
77 160 88 160
77 162 88 162
77 184 82 185
77 187 80 189
77 232 77 243
77 244 78 248
78 28 78 39
78 48 78 59
78 63 87 63
78 64 88 64
78 99 78 109
78 114 81 116
78 119 78 130
78 144 89 144
78 166 79 171
78 193 89 193
78 203 78 214
78 218 78 227
78 228 78 236
78 237 79 242
79 21 87 21
79 22 87 22
79 24 84 25
79 28 89 28
79 29 89 29
79 30 89 30
79 31 79 41
79 42 80 47
79 48 79 58
79 59 82 61
79 87 81 90
79 99 79 110
79 117 79 128
79 129 80 133
79 142 84 143
79 151 82 153
79 154 84 155
79 164 89 164
79 199 80 204
79 207 80 211
79 212 81 215
79 218 84 219
79 221 81 224
79 228 84 229
79 234 88 234
79 243 82 245
79 246 82 248
80 1 85 2
80 14 82 17
80 39 83 41
80 48 80 58
80 67 80 78
80 91 81 96
80 101 81 106
80 108 81 113
80 117 80 128
80 134 81 138
80 149 89 149
80 159 91 159
80 166 91 166
80 167 91 167
80 170 90 170
80 172 91 172
80 177 85 178
80 181 85 182
80 230 85 231
80 232 85 233
80 236 91 236
80 237 91 237
80 240 91 240
80 241 85 242
81 8 82 13
81 31 92 31
81 33 92 33
81 34 86 35
81 36 84 38
81 42 81 53
81 54 82 57
81 66 81 74
81 77 84 79
81 99 89 99
81 119 81 129
81 131 86 132
81 145 91 145
81 163 92 163
81 165 91 165
81 168 92 168
81 171 91 171
81 175 91 175
81 187 82 192
81 196 86 197
81 200 81 211
81 225 84 227
81 235 90 235
81 238 92 238
81 239 92 239
82 43 82 53
82 62 93 62
82 66 87 67
82 70 93 70
82 72 93 72
82 87 82 98
82 100 87 101
82 102 85 104
82 107 87 108
82 110 82 121
82 124 84 127
82 128 84 130
82 133 83 138
82 147 91 147
82 174 93 174
82 180 91 180
82 200 82 211
82 212 84 215
82 220 84 223
83 3 88 4
83 6 83 17
83 19 87 20
83 43 83 54
83 56 85 58
83 59 88 60
83 69 94 69
83 71 94 71
83 73 84 76
83 80 94 80
83 87 83 97
83 105 88 106
83 111 84 116
83 118 84 123
83 173 94 173
83 179 94 179
83 186 86 188
83 199 86 201
83 203 85 206
83 207 86 209
83 210 88 211
83 243 84 248
84 5 84 16
84 40 84 50
84 51 85 55
84 61 94 61
84 83 95 83
84 87 84 98
84 134 84 141
84 169 95 169
84 189 86 192
85 8 87 11
85 14 86 17
85 25 96 25
85 39 85 50
85 73 87 76
85 77 96 77
85 79 96 79
85 84 95 84
85 87 88 89
85 93 86 98
85 109 86 112
85 113 95 113
85 119 86 123
85 125 86 130
85 133 85 143
85 150 90 151
85 152 87 155
85 194 96 194
85 195 95 195
85 213 85 224
85 227 88 229
85 244 86 249
86 0 97 0
86 1 97 1
86 2 97 2
86 6 95 6
86 7 95 7
86 24 95 24
86 36 86 45
86 46 86 56
86 78 96 78
86 90 89 92
86 102 89 104
86 114 97 114
86 133 89 135
86 140 89 142
86 176 89 178
86 202 90 203
86 204 89 206
86 215 86 226
86 230 88 233
86 241 88 243
87 5 98 5
87 15 92 16
87 34 87 45
87 48 89 50
87 51 92 52
87 56 90 58
87 85 92 86
87 93 88 98
87 109 89 112
87 115 92 116
87 120 87 131
87 136 89 139
87 156 98 156
87 158 98 158
87 181 87 191
87 196 90 198
87 199 90 201
87 208 97 208
87 212 87 223
87 244 88 249
88 8 91 10
88 11 90 14
88 18 90 21
88 34 88 44
88 45 90 47
88 53 91 55
88 65 93 66
88 67 93 68
88 73 91 75
88 117 93 118
88 119 89 124
88 127 89 132
88 157 99 157
88 183 88 191
88 214 91 216
88 217 88 226
89 4 98 4
89 22 93 23
89 26 97 26
89 27 97 27
89 34 94 35
89 36 94 37
89 38 90 43
89 59 94 60
89 63 93 64
89 76 100 76
89 97 100 97
89 105 91 108
89 125 94 126
89 152 91 155
89 160 94 161
89 185 90 188
89 190 94 191
89 209 94 210
89 211 92 213
89 217 91 220
89 221 89 232
89 233 94 234
89 243 91 246
90 28 92 30
90 81 95 82
90 87 92 90
90 91 91 96
90 99 91 103
90 119 91 123
90 131 90 142
90 176 101 176
90 178 101 178
90 181 94 182
90 183 95 184
90 205 95 206
90 227 91 232
90 241 101 241
90 247 95 248
91 17 92 21
91 38 91 49
91 109 93 112
91 128 92 133
91 135 91 144
91 148 92 151
91 177 102 177
91 188 96 189
91 192 96 193
91 196 94 198
91 199 94 201
91 203 95 204
91 223 93 226
91 242 102 242
92 3 102 3
92 8 103 8
92 9 103 9
92 38 103 38
92 39 92 48
92 49 96 50
92 55 94 58
92 98 95 100
92 102 93 107
92 119 93 124
92 134 92 145
92 153 95 155
92 159 100 159
92 164 93 167
92 216 93 221
92 229 95 231
92 243 94 246
93 14 95 17
93 28 94 33
93 51 95 54
93 73 97 74
93 75 103 75
93 85 93 96
93 115 97 116
93 127 93 138
93 140 93 151
93 162 98 163
93 170 96 172
93 186 104 186
93 187 104 187
93 211 95 213
93 227 98 228
93 235 95 238
94 10 103 10
94 11 99 12
94 18 95 23
94 39 99 40
94 41 96 44
94 45 96 48
94 64 99 65
94 85 94 96
94 101 95 106
94 107 95 112
94 117 97 119
94 122 96 124
94 127 94 134
94 135 94 146
94 147 95 152
94 165 104 165
94 167 99 168
94 185 105 185
94 215 97 217
94 221 95 226
95 28 97 31
95 32 97 35
95 36 100 37
95 56 97 59
95 60 100 61
95 62 100 63
95 67 100 68
95 69 100 70
95 72 106 72
95 87 97 90
95 92 97 95
95 125 95 136
95 138 96 143
95 144 97 146
95 160 100 161
95 175 106 175
95 179 106 179
95 180 100 181
95 196 106 196
95 197 100 198
95 200 97 202
95 210 106 210
95 218 98 220
95 243 106 243
96 13 96 23
96 81 97 86
96 100 96 111
96 126 96 137
96 147 97 152
96 182 99 184
96 199 107 199
96 203 97 207
96 209 107 209
96 211 101 212
96 221 99 223
96 225 100 226
96 230 96 240
96 245 98 248
96 249 107 249
97 6 102 7
97 13 97 20
97 21 98 24
97 41 107 41
97 42 101 43
97 44 97 54
97 77 108 77
97 78 108 78
97 98 97 109
97 112 101 113
97 121 97 131
97 132 97 143
97 169 99 172
97 188 98 193
97 194 102 195
97 229 100 231
97 232 100 234
97 235 100 236
97 237 101 238
98 14 99 19
98 25 98 35
98 48 98 59
98 71 109 71
98 79 102 80
98 85 98 96
98 100 98 111
98 116 98 127
98 130 108 130
98 131 101 133
98 135 100 138
98 139 100 141
98 142 98 153
98 173 102 174
98 200 108 200
98 201 103 202
98 203 109 203
98 204 99 208
98 213 101 215
98 239 103 240
99 0 104 1
99 4 104 5
99 23 110 23
99 25 101 28
99 31 104 32
99 33 108 33
99 34 108 34
99 47 99 58
99 73 104 74
99 84 110 84
99 85 102 87
99 88 101 91
99 93 101 96
99 98 99 109
99 110 104 111
99 116 99 127
99 142 99 153
99 162 102 164
99 188 100 193
100 11 100 22
100 24 111 24
100 29 105 30
100 40 110 40
100 44 101 49
100 51 100 59
100 81 103 83
100 100 102 102
100 104 101 109
100 115 102 118
100 119 105 120
100 124 101 129
100 142 100 151
100 152 101 157
100 167 101 172
100 182 103 184
100 204 108 204
100 206 103 208
100 216 101 221
100 245 102 248
101 11 101 22
101 39 110 39
101 50 101 61
101 65 102 70
101 103 110 103
101 121 112 121
101 136 101 146
101 147 104 149
101 150 112 150
101 158 103 161
101 180 106 181
101 193 112 193
101 197 106 198
101 225 101 236
102 11 103 16
102 18 104 21
102 22 111 22
102 25 113 25
102 27 107 28
102 36 113 36
102 42 102 53
102 54 102 63
102 90 107 91
102 93 104 96
102 97 107 98
102 104 107 105
102 113 105 114
102 123 103 126
102 128 107 129
102 131 102 142
102 151 103 156
102 166 104 169
102 171 112 171
102 189 104 192
102 216 102 227
102 228 103 231
102 232 103 237
103 35 114 35
103 44 114 44
103 45 106 47
103 49 105 52
103 53 103 64
103 67 106 69
103 79 108 80
103 88 107 89
103 101 113 101
103 106 105 109
103 115 105 118
103 131 108 132
103 133 103 144
103 170 112 170
103 174 114 174
103 176 106 178
103 211 105 214
103 215 105 218
103 222 104 227
103 244 106 246
103 247 106 248
104 2 115 2
104 3 115 3
104 7 104 17
104 37 109 38
104 55 104 66
104 85 107 87
104 99 109 100
104 102 115 102
104 122 111 122
104 123 109 124
104 125 107 127
104 134 104 145
104 151 109 152
104 153 104 164
104 172 115 172
104 182 106 184
104 194 114 194
104 201 109 202
104 207 109 208
104 229 104 240
105 1 116 1
105 4 106 9
105 10 105 21
105 26 116 26
105 31 110 32
105 53 105 64
105 74 108 76
105 81 108 83
105 92 107 95
105 133 109 134
105 139 110 140
105 141 110 142
105 149 113 149
105 153 115 153
105 155 106 160
105 163 108 165
105 166 108 168
105 173 116 173
105 186 106 191
105 192 116 192
105 205 109 206
105 219 106 224
105 226 106 231
105 232 107 235
105 237 106 242
106 0 117 0
106 12 108 15
106 17 107 20
106 21 117 21
106 30 117 30
106 42 111 43
106 48 107 53
106 55 107 60
106 62 117 62
106 63 111 64
106 65 116 65
106 107 107 112
106 113 107 117
106 119 111 120
106 135 117 135
106 136 109 138
106 143 109 145
106 146 109 148
106 211 107 216
107 4 118 4
107 5 118 5
107 6 118 6
107 66 112 67
107 68 112 69
107 158 117 158
107 159 109 162
107 175 111 176
107 177 118 177
107 179 107 190
107 195 109 198
107 221 107 230
107 237 107 248
108 7 110 10
108 16 113 17
108 18 111 20
108 28 119 28
108 45 108 55
108 85 111 87
108 88 108 98
108 104 108 114
108 125 109 128
108 156 119 156
108 157 118 157
108 179 108 190
108 212 109 217
108 218 109 223
108 224 109 229
108 233 119 233
108 238 108 248
109 13 112 15
109 27 120 27
109 33 113 34
109 46 111 49
109 50 109 61
109 72 109 82
109 88 111 90
109 91 111 94
109 95 111 98
109 104 114 105
109 107 110 112
109 113 112 115
109 116 112 118
109 154 114 155
109 169 120 169
109 178 109 187
109 189 112 191
109 199 114 200
109 231 120 231
109 237 109 248
110 50 110 60
110 72 110 82
110 125 111 130
110 131 111 134
110 143 113 145
110 146 113 148
110 151 115 152
110 161 113 162
110 163 112 166
110 178 112 181
110 185 113 187
110 195 115 196
110 202 110 213
110 216 113 218
110 219 113 221
110 223 113 225
110 229 115 230
110 232 121 232
110 234 110 245
111 7 118 7
111 8 113 11
111 23 122 23
111 29 122 29
111 37 114 39
111 41 122 41
111 50 111 61
111 76 113 79
111 99 116 100
111 103 122 103
111 106 113 109
111 110 116 111
111 136 114 138
111 139 113 142
111 160 122 160
111 167 122 167
111 168 122 168
111 182 116 183
111 184 122 184
111 197 116 198
111 201 111 212
111 226 114 228
111 237 118 237
111 238 112 243
111 244 112 249
112 18 115 20
112 31 117 32
112 40 122 40
112 42 117 43
112 45 112 56
112 57 115 59
112 60 117 61
112 63 117 64
112 70 113 75
112 80 113 85
112 86 112 96
112 122 112 132
112 133 117 134
112 159 123 159
112 175 117 176
112 202 112 213
113 46 123 46
113 51 118 52
113 86 116 88
113 89 115 91
113 93 115 96
113 112 113 121
113 122 113 132
113 164 124 164
113 166 124 166
113 170 121 170
113 171 120 171
113 178 115 181
113 188 118 189
113 190 118 191
113 201 113 212
113 234 116 236
113 239 113 249
114 8 116 11
114 13 116 16
114 22 124 22
114 47 119 48
114 49 119 50
114 53 117 55
114 66 117 68
114 69 117 71
114 72 114 81
114 82 116 85
114 106 116 109
114 112 118 113
114 114 114 125
114 126 115 131
114 139 114 150
114 161 119 162
114 165 125 165
114 185 125 185
114 186 125 186
114 201 114 211
114 212 114 223
114 238 117 240
114 242 117 244
114 245 115 249
115 34 116 39
115 44 120 45
115 72 117 74
115 75 117 77
115 80 125 80
115 104 126 104
115 114 126 114
115 115 115 125
115 138 115 149
115 199 116 204
115 205 117 207
115 208 116 213
115 215 116 219
115 221 117 224
116 57 121 58
116 81 127 81
116 89 118 92
116 93 119 94
116 101 127 101
116 102 127 102
116 115 121 116
116 117 116 128
116 129 117 132
116 136 117 141
116 142 117 147
116 152 118 155
116 172 127 172
116 225 117 230
116 245 117 249
117 1 122 2
117 9 117 20
117 24 120 26
117 36 120 37
117 82 118 87
117 95 120 97
117 98 120 100
117 105 120 107
117 117 118 121
117 122 119 125
117 163 128 163
117 178 118 183
117 192 117 203
117 209 117 219
118 0 128 0
118 10 120 13
118 15 120 18
118 20 123 21
118 30 119 35
118 38 123 39
118 42 122 43
118 53 127 53
118 54 121 56
118 60 121 62
118 67 120 70
118 71 119 76
118 77 125 77
118 126 118 137
118 140 118 151
118 175 129 175
118 176 126 176
118 193 118 204
118 205 121 206
118 207 128 207
118 208 123 209
118 210 121 212
118 213 126 213
118 215 119 220
118 222 118 230
118 238 118 248
119 4 120 9
119 52 129 52
119 63 121 66
119 78 124 79
119 83 121 86
119 88 120 92
119 108 120 113
119 117 124 118
119 119 130 119
119 127 121 130
119 133 122 135
119 136 122 138
119 139 119 150
119 152 122 154
119 177 120 181
119 193 121 195
119 196 130 196
119 197 122 199
119 200 122 202
119 221 121 224
119 225 121 228
119 229 130 229
119 230 130 230
119 238 119 249
120 31 131 31
120 33 123 35
120 51 131 51
120 71 122 74
120 75 125 76
120 120 130 120
120 122 122 125
120 139 123 141
120 142 121 147
120 148 122 151
120 158 131 158
120 162 130 162
120 189 122 192
120 203 130 203
120 218 123 220
120 233 120 244
120 245 121 249
121 3 122 7
121 10 121 19
121 25 126 26
121 27 126 28
121 36 126 37
121 47 132 47
121 48 132 48
121 50 132 50
121 82 132 82
121 88 121 99
121 106 122 110
121 161 132 161
121 180 123 183
121 214 123 217
121 234 121 243
122 8 122 19
122 49 133 49
122 54 124 57
122 59 122 69
122 83 132 83
122 84 122 95
122 97 123 100
122 128 124 131
122 143 133 143
122 144 124 146
122 169 124 171
122 174 133 174
122 187 127 188
122 194 127 195
122 204 124 206
122 222 124 225
122 231 123 236
122 238 133 238
122 239 122 248
123 6 123 17
123 40 124 44
123 58 126 60
123 61 123 72
123 85 123 96
123 105 124 110
123 111 128 112
123 113 134 113
123 116 134 116
123 121 124 126
123 132 124 137
123 147 126 149
123 152 125 155
123 157 133 157
123 160 134 160
123 173 133 173
123 189 124 193
123 200 126 202
123 210 126 212
123 226 132 226
123 237 134 237
123 239 134 239
123 240 128 241
123 242 126 244
123 245 126 247
123 248 128 249
124 1 127 3
124 4 127 6
124 8 124 19
124 29 129 30
124 32 126 35
124 38 129 39
124 45 135 45
124 46 135 46
124 61 127 63
124 64 124 74
124 84 127 86
124 87 124 98
124 138 132 138
124 177 126 180
124 181 126 184
124 197 127 199
124 208 129 209
124 214 126 217
124 218 127 220
124 221 135 221
124 227 129 228
124 232 127 234
125 7 127 10
125 13 125 24
125 42 136 42
125 43 128 44
125 54 127 57
125 65 126 70
125 73 130 74
125 88 126 92
125 93 127 96
125 98 128 100
125 105 126 110
125 121 128 123
125 127 126 132
125 135 135 135
125 139 136 139
125 142 136 142
125 144 129 145
125 156 136 156
125 159 136 159
125 166 126 171
125 189 127 192
125 204 128 206
125 222 128 224
125 235 130 236
126 12 126 23
126 71 131 72
126 75 127 80
126 117 137 117
126 125 131 126
126 133 136 133
126 134 137 134
126 137 137 137
126 140 131 141
126 150 130 151
126 152 137 152
126 153 130 154
126 155 137 155
127 13 131 14
127 16 127 27
127 32 128 37
127 40 135 40
127 105 128 110
127 114 132 115
127 127 128 132
127 146 129 149
127 164 128 169
127 170 138 170
127 176 129 179
127 180 129 183
127 201 130 202
127 211 128 216
127 217 138 217
127 243 129 246
128 1 129 6
128 7 129 12
128 17 128 28
128 41 139 41
128 58 129 63
128 64 129 69
128 76 130 79
128 80 133 81
128 86 130 89
128 90 128 97
128 136 139 136
128 171 139 171
128 172 139 172
128 184 129 189
128 191 130 194
128 197 130 200
128 218 138 218
128 219 133 220
128 231 130 234
129 0 140 0
129 15 129 26
129 32 131 35
129 43 134 44
129 70 140 70
129 90 132 92
129 94 129 105
129 107 130 112
129 122 132 124
129 127 130 131
129 163 131 166
129 168 140 168
129 210 137 210
129 211 139 211
129 212 132 214
129 222 131 225
129 240 132 242
129 247 132 249
130 1 132 3
130 4 132 7
130 9 132 12
130 15 132 18
130 20 131 25
130 26 131 30
130 36 141 36
130 38 134 39
130 52 130 63
130 65 133 67
130 69 140 69
130 96 130 105
130 132 140 132
130 144 141 144
130 145 140 145
130 167 141 167
130 169 141 169
130 176 141 176
130 179 131 184
130 185 131 190
130 206 132 209
130 227 139 227
130 228 140 228
131 8 140 8
131 52 131 63
131 73 132 77
131 78 136 79
131 84 136 85
131 93 131 104
131 108 133 111
131 127 136 128
131 146 132 151
131 175 142 175
131 194 131 205
131 215 136 216
131 229 136 230
131 231 136 232
131 234 134 236
132 19 132 30
132 31 133 35
132 37 142 37
132 53 132 64
132 86 143 86
132 87 143 87
132 95 132 106
132 118 134 121
132 125 137 126
132 129 135 131
132 141 143 141
132 153 137 154
132 165 137 166
132 177 132 188
132 192 132 203
132 243 134 246
133 2 135 5
133 6 138 7
133 9 141 9
133 10 134 15
133 19 134 24
133 50 136 52
133 53 133 64
133 73 144 73
133 74 135 77
133 88 134 93
133 95 138 96
133 97 136 99
133 101 138 102
133 104 136 106
133 146 134 151
133 161 135 164
133 177 137 178
133 179 134 184
133 185 134 189
133 190 133 201
133 202 144 202
133 203 144 203
133 212 136 214
133 222 135 225
133 226 140 226
134 25 135 29
134 30 135 35
134 54 134 65
134 71 145 71
134 80 136 83
134 107 135 112
134 122 137 124
134 157 139 158
134 173 139 174
134 191 134 201
134 206 139 207
134 208 145 208
134 219 138 220
134 249 145 249
135 10 136 15
135 19 136 24
135 48 140 49
135 54 136 59
135 60 136 65
135 88 136 93
135 118 137 121
135 149 138 151
135 179 144 179
135 180 140 181
135 182 135 193
135 196 136 201
135 204 140 205
135 209 146 209
135 235 138 237
135 239 135 246
136 2 141 3
136 25 136 35
136 38 139 40
136 72 147 72
136 103 147 103
136 107 136 116
136 138 147 138
136 146 139 148
136 160 137 164
136 183 136 194
136 221 137 224
136 238 138 241
136 242 137 246
136 247 145 247
137 11 137 22
137 23 137 33
137 42 138 47
137 51 148 51
137 52 147 52
137 53 137 64
137 65 139 68
137 74 137 85
137 88 138 93
137 105 139 107
137 113 140 115
137 127 140 129
137 139 142 140
137 142 141 143
137 182 140 184
137 185 142 186
137 187 137 195
137 196 140 198
137 199 140 201
137 212 141 213
137 214 140 216
137 229 138 234
137 248 148 248
138 10 141 12
138 13 141 15
138 16 141 17
138 22 138 33
138 53 138 64
138 74 138 85
138 98 143 99
138 108 140 111
138 116 141 118
138 133 141 134
138 159 139 163
138 164 141 166
138 177 143 178
138 188 140 191
138 192 140 195
138 210 147 210
138 222 140 225
138 243 140 246
139 4 140 7
139 19 141 22
139 24 139 35
139 42 142 44
139 45 142 47
139 53 144 54
139 55 144 56
139 58 140 63
139 74 139 85
139 89 148 89
139 90 149 90
139 95 142 97
139 124 144 125
139 130 144 131
139 137 147 137
139 149 140 153
139 187 150 187
139 217 141 220
139 229 139 240
140 23 151 23
140 24 141 29
140 30 141 35
140 38 142 41
140 65 142 68
140 74 140 85
140 88 149 88
140 91 143 93
140 94 151 94
140 100 143 102
140 104 145 105
140 119 145 120
140 122 144 123
140 154 140 163
140 171 142 174
140 230 140 241
141 4 143 7
141 58 142 63
141 64 152 64
141 69 151 69
141 74 141 85
141 106 141 115
141 126 143 129
141 136 152 136
141 145 141 156
141 162 146 163
141 180 144 182
141 184 149 184
141 190 141 201
141 205 144 207
141 211 152 211
141 221 141 232
141 237 142 242
141 244 144 246
142 0 145 2
142 8 153 8
142 9 146 10
142 11 142 22
142 25 142 36
142 75 153 75
142 76 142 85
142 107 144 110
142 112 143 117
142 132 145 134
142 135 153 135
142 142 142 153
142 155 143 160
142 164 147 165
142 166 145 168
142 189 142 200
142 212 152 212
142 213 142 223
142 224 142 231
142 233 144 236
143 11 143 21
143 24 153 24
143 25 148 26
143 28 154 28
143 29 146 31
143 32 143 42
143 44 144 49
143 65 145 68
143 76 143 85
143 143 143 154
143 171 144 176
143 185 148 186
143 190 143 201
143 215 144 220
143 222 143 231
143 237 144 242
144 3 148 4
144 7 155 7
144 11 146 14
144 17 146 20
144 22 153 22
144 32 144 43
144 76 145 80
144 83 147 85
144 86 149 87
144 95 146 98
144 99 146 102
144 111 149 112
144 113 145 118
144 140 144 151
144 152 144 160
144 183 155 183
144 190 145 195
144 196 145 201
144 213 149 214
144 221 144 232
145 5 156 5
145 6 156 6
145 33 145 44
145 46 150 47
145 53 147 56
145 57 147 60
145 61 148 63
145 74 156 74
145 81 150 82
145 92 150 93
145 108 150 109
145 125 147 128
145 139 147 142
145 143 147 145
145 147 145 155
145 158 147 160
145 169 145 180
145 181 150 182
145 202 146 207
145 216 150 217
145 221 147 223
145 224 149 225
145 233 145 244
146 0 157 0
146 1 150 2
146 27 157 27
146 34 148 37
146 40 148 43
146 44 151 45
146 48 149 50
146 65 148 67
146 68 156 68
146 79 151 80
146 104 149 106
146 113 146 123
146 129 149 131
146 132 149 134
146 146 147 151
146 167 151 168
146 169 146 180
146 188 146 199
146 218 150 219
146 226 157 226
146 228 155 228
146 229 151 230
146 232 146 243
147 9 147 17
147 18 149 21
147 30 158 30
147 31 149 33
147 70 152 71
147 73 158 73
147 97 148 102
147 113 147 124
147 153 150 155
147 170 151 171
147 172 150 174
147 179 152 180
147 188 147 196
147 198 147 209
147 232 147 243
147 245 150 247
148 9 149 13
148 16 153 17
148 52 150 55
148 57 151 59
148 83 150 85
148 113 148 124
148 141 148 152
148 156 153 157
148 158 152 159
148 161 149 166
148 176 157 176
148 177 153 178
148 188 148 198
148 200 158 200
148 202 152 203
148 205 149 210
148 220 150 223
148 233 148 244
149 25 152 26
149 34 150 39
149 40 151 43
149 60 151 63
149 76 152 78
149 95 152 97
149 98 150 103
149 114 151 117
149 118 149 127
149 137 150 142
149 143 150 147
149 188 160 188
149 189 154 190
149 194 153 195
149 196 151 199
149 227 160 227
149 231 151 234
149 236 151 239
149 241 160 241
149 249 160 249
150 3 161 3
150 4 161 4
150 9 151 14
150 19 153 21
150 29 159 29
150 31 159 31
150 32 155 33
150 65 153 67
150 72 158 72
150 86 151 91
150 119 151 124
150 125 152 128
150 129 151 134
150 149 153 151
150 161 151 166
150 184 155 185
150 204 152 206
150 207 152 210
150 225 161 225
150 242 160 242
151 1 160 1
151 2 159 2
151 34 152 39
151 46 152 51
151 100 152 105
151 107 152 112
151 138 151 148
151 152 153 155
151 173 154 175
151 191 154 193
151 214 151 224
151 246 162 246
151 247 162 247
152 10 153 15
152 40 153 44
152 55 163 55
152 56 157 57
152 58 153 63
152 79 152 90
152 113 152 124
152 137 154 140
152 141 154 143
152 145 153 148
152 161 152 172
152 186 157 187
152 196 154 199
152 214 152 224
152 229 154 232
152 237 157 238
152 239 157 240
152 243 155 245
152 248 163 248
153 26 163 26
153 36 161 36
153 46 164 46
153 47 158 48
153 49 155 52
153 53 158 54
153 69 156 71
153 78 158 79
153 80 156 82
153 83 153 94
153 95 158 96
153 97 155 100
153 101 154 106
153 109 153 120
153 122 153 133
153 158 153 169
153 201 154 206
153 207 154 211
153 212 156 214
153 216 158 217
153 218 163 218
153 219 157 220
153 224 164 224
153 233 158 234
154 8 155 13
154 17 158 18
154 19 155 24
154 25 163 25
154 44 165 44
154 45 165 45
154 58 154 67
154 75 157 77
154 86 155 91
154 107 154 118
154 120 154 129
154 130 156 133
154 134 157 136
154 145 157 147
154 148 154 159
154 160 156 163
154 164 154 172
154 177 155 182
154 221 157 223
155 14 158 16
155 37 158 39
155 60 157 63
155 101 155 111
155 112 156 117
155 118 156 123
155 124 156 128
155 137 156 142
155 148 156 153
155 154 156 159
155 165 155 175
155 189 157 192
155 193 157 196
155 198 160 199
155 201 159 202
155 203 156 208
155 229 157 232
155 235 160 236
156 7 157 12
156 19 157 23
156 32 158 35
156 40 158 43
156 49 158 52
156 58 161 59
156 64 158 67
156 83 156 94
156 101 156 111
156 164 156 174
156 180 158 183
156 228 165 228
156 243 159 245
157 68 159 71
157 82 157 93
157 94 168 94
157 100 160 102
157 104 157 112
157 113 157 123
157 139 158 144
157 152 157 163
157 164 157 175
157 177 160 179
157 204 157 215
158 5 158 13
158 21 160 24
158 56 163 57
158 81 158 92
158 99 169 99
158 103 160 106
158 108 158 117
158 118 158 128
158 129 159 134
158 135 160 138
158 146 159 151
158 152 159 157
158 159 161 161
158 162 158 173
158 175 163 176
158 190 158 197
158 204 158 213
158 219 169 219
158 220 169 220
158 221 169 221
158 237 160 240
159 5 161 8
159 11 161 13
159 14 162 16
159 27 170 27
159 30 170 30
159 34 164 35
159 37 169 37
159 38 162 40
159 41 164 42
159 48 164 49
159 60 164 61
159 76 161 79
159 81 159 89
159 90 161 93
159 95 162 97
159 107 162 109
159 110 162 112
159 114 160 118
159 119 160 124
159 141 162 143
159 162 160 167
159 168 163 169
159 174 169 174
159 181 170 181
159 183 170 183
159 184 164 185
159 189 160 194
159 196 163 197
159 206 159 217
159 222 164 223
159 230 160 234
160 2 171 2
160 17 163 19
160 28 164 29
160 31 162 33
160 50 162 53
160 63 160 74
160 80 161 85
160 98 171 98
160 126 162 129
160 130 165 131
160 132 162 134
160 144 160 155
160 170 162 173
160 182 170 182
160 200 160 210
160 212 163 214
160 215 163 217
161 0 166 1
161 20 162 24
161 64 161 75
161 100 172 100
161 101 162 106
161 113 162 118
161 135 162 140
161 146 161 157
161 164 164 166
161 167 168 167
161 186 164 188
161 189 162 194
161 199 161 210
161 229 163 232
161 233 161 244
162 3 162 12
162 36 172 36
162 62 165 64
162 65 165 67
162 69 164 72
162 73 164 75
162 76 163 81
162 82 163 87
162 119 164 122
162 123 164 125
162 147 162 158
162 162 167 163
162 178 165 180
162 198 163 203
162 204 163 208
162 225 165 227
162 234 162 245
163 3 174 3
163 5 163 16
163 31 168 32
163 88 166 90
163 91 166 93
163 101 174 101
163 102 163 112
163 113 164 118
163 126 165 129
163 133 165 136
163 139 163 150
163 153 166 155
163 156 174 156
163 157 165 160
163 161 173 161
163 172 168 173
163 189 164 193
163 236 163 247
164 7 164 18
164 19 169 20
164 21 165 26
164 38 169 39
164 50 164 59
164 86 169 87
164 95 167 97
164 103 164 112
164 139 164 150
164 169 175 169
164 175 167 177
164 194 164 204
164 206 164 217
164 231 164 241
164 244 169 245
164 246 169 247
164 248 174 248
165 4 165 15
165 28 170 29
165 33 170 34
165 40 168 42
165 50 165 61
165 68 165 77
165 80 166 85
165 102 165 112
165 114 166 119
165 121 168 123
165 137 166 141
165 142 165 152
165 164 168 166
165 170 176 170
165 171 176 171
165 185 170 186
165 187 167 190
165 192 165 203
165 204 175 204
165 205 176 205
165 206 166 211
165 213 166 218
165 222 168 224
165 232 165 243
165 249 176 249
166 4 167 9
166 16 169 18
166 21 167 26
166 49 166 60
166 64 168 67
166 68 166 79
166 103 169 105
166 107 167 112
166 124 166 135
166 143 171 144
166 146 168 149
166 157 169 159
166 191 170 192
166 193 166 203
166 225 177 225
166 226 166 237
166 238 168 241
166 242 169 243
167 11 170 13
167 46 178 46
167 47 169 50
167 51 167 62
167 69 168 74
167 82 169 85
167 89 169 92
167 113 169 116
167 117 169 120
167 124 167 135
167 137 169 140
167 150 172 151
167 152 169 155
167 178 170 180
167 194 178 194
167 196 168 201
167 206 168 210
167 211 168 216
167 226 167 237
168 0 173 1
168 4 170 7
168 8 171 10
168 22 179 22
168 23 170 26
168 45 179 45
168 51 168 62
168 76 173 77
168 78 173 79
168 96 173 97
168 107 169 112
168 125 168 136
168 168 179 168
168 175 171 177
168 187 170 190
168 203 175 203
168 226 179 226
168 227 168 236
169 40 174 41
169 42 171 44
169 51 169 62
169 64 169 75
169 102 178 102
169 121 171 124
169 125 169 134
169 147 172 149
169 162 174 163
169 164 174 165
169 166 174 167
169 172 174 173
169 193 179 193
169 195 171 198
169 199 171 202
169 207 169 218
169 227 174 228
169 229 171 232
169 233 170 238
169 239 172 241
170 17 173 19
170 21 180 21
170 37 173 39
170 47 170 57
170 58 170 69
170 70 171 75
170 81 181 81
170 82 181 82
170 84 170 95
170 103 170 114
170 115 171 120
170 125 170 136
170 142 181 142
170 152 172 155
170 157 172 160
170 207 172 209
170 210 170 221
170 242 171 246
171 4 182 4
171 12 175 13
171 14 174 16
171 23 172 28
171 29 172 34
171 49 182 49
171 50 172 55
171 56 182 56
171 57 173 60
171 65 172 69
171 80 182 80
171 84 174 86
171 87 176 88
171 89 172 94
171 107 182 107
171 109 172 114
171 125 171 135
171 178 171 188
171 189 173 192
171 210 173 213
171 214 171 224
172 6 174 8
172 9 175 11
172 43 177 44
172 47 177 48
172 62 175 64
172 105 183 105
172 106 183 106
172 115 172 126
172 130 172 138
172 140 177 141
172 174 172 185
172 186 177 187
172 197 175 199
172 214 172 224
172 230 183 230
172 231 182 231
172 232 182 232
172 234 183 234
172 235 183 235
173 23 176 24
173 26 173 36
173 51 175 54
173 65 178 66
173 67 173 75
173 89 174 94
173 103 178 104
173 108 175 111
173 112 176 114
173 115 184 115
173 116 183 116
173 118 173 129
173 130 175 133
173 134 174 139
173 143 173 154
173 158 175 160
173 174 173 185
173 188 184 188
173 195 178 196
173 200 175 202
173 207 176 209
173 217 175 220
173 221 175 224
173 236 173 247
174 2 185 2
174 17 176 20
174 25 175 28
174 29 175 34
174 35 175 39
174 57 182 57
174 59 177 61
174 67 178 68
174 70 174 79
174 95 176 98
174 118 174 128
174 143 174 152
174 154 185 154
174 155 184 155
174 174 174 184
174 191 179 192
174 211 175 216
174 240 175 245
175 5 180 6
175 7 180 8
175 15 186 15
175 40 178 42
175 69 176 74
175 78 186 78
175 79 185 79
175 83 180 84
175 89 176 94
175 99 178 101
175 118 175 129
175 134 176 139
175 143 176 147
175 148 176 152
175 156 186 156
175 167 186 167
175 172 177 175
175 176 177 179
175 180 176 185
175 233 186 233
176 3 187 3
176 9 177 14
176 28 176 39
176 52 178 55
176 58 186 58
176 63 180 64
176 76 181 77
176 108 178 111
176 117 178 120
176 121 176 132
176 157 179 159
176 160 177 165
176 166 185 166
176 198 177 203
176 212 176 222
176 227 179 229
176 237 176 248
177 16 188 16
177 19 182 20
177 23 179 25
177 26 179 29
177 31 178 36
177 75 188 75
177 86 177 97
177 121 178 125
177 126 178 131
177 132 179 135
177 136 179 139
177 143 177 153
177 169 180 171
177 181 178 185
177 190 188 190
177 204 177 215
177 216 177 224
177 236 179 239
177 240 177 249
178 1 189 1
178 9 180 12
178 13 182 14
178 18 189 18
178 72 181 74
178 86 178 97
178 112 181 114
178 140 183 141
178 144 179 149
178 165 189 165
178 172 178 180
178 189 189 189
178 197 183 198
178 200 179 204
178 206 179 211
178 213 178 224
178 241 178 249
179 33 179 44
179 46 184 47
179 50 180 55
179 59 180 62
179 66 180 71
179 89 180 94
179 96 181 98
179 99 182 101
179 102 182 104
179 108 181 111
179 119 184 120
179 121 180 126
179 128 181 131
179 161 184 162
179 163 184 164
179 176 183 177
179 178 182 180
179 181 182 183
179 195 189 195
179 196 190 196
179 212 180 216
179 217 179 225
179 243 181 246
179 247 190 247
179 248 188 248
179 249 189 249
180 17 191 17
180 22 181 27
180 32 185 33
180 35 180 45
180 133 181 138
180 146 181 151
180 152 185 153
180 159 185 160
180 173 183 175
180 186 185 187
180 191 182 194
180 199 183 201
180 202 183 204
180 205 191 205
180 206 181 211
180 221 181 226
180 227 185 228
180 236 181 241
181 0 192 0
181 6 182 11
181 30 192 30
181 31 192 31
181 34 181 41
181 45 192 45
181 50 182 55
181 62 186 63
181 64 183 67
181 68 183 71
181 83 181 94
181 122 184 124
181 157 186 158
181 169 183 172
181 184 185 185
181 213 184 215
181 216 189 216
181 219 186 220
182 21 184 24
182 25 185 27
182 28 187 29
182 34 183 39
182 40 192 40
182 59 185 61
182 76 187 77
182 81 185 83
182 84 182 95
182 108 183 113
182 128 182 139
182 142 185 144
182 149 185 151
182 206 183 211
182 218 193 218
182 221 187 222
182 223 187 224
182 236 184 239
182 246 191 246
183 4 190 4
183 5 184 10
183 11 188 12
183 13 188 14
183 19 192 19
183 41 185 44
183 50 194 50
183 53 186 55
183 56 188 57
183 84 184 89
183 91 183 102
183 117 188 118
183 125 183 135
183 145 185 148
183 180 188 181
183 183 194 183
183 191 188 192
183 193 188 194
183 217 194 217
183 240 184 245
184 36 186 39
184 64 184 72
184 73 189 74
184 90 184 101
184 103 184 113
184 116 192 116
184 125 187 127
184 128 184 139
184 168 186 171
184 177 186 179
184 182 195 182
184 197 186 200
184 201 187 203
184 208 189 209
184 210 195 210
184 211 188 212
184 231 189 232
185 5 190 6
185 7 195 7
185 8 196 8
185 9 196 9
185 21 187 24
185 46 195 46
185 47 196 47
185 64 187 67
185 85 185 95
185 96 185 107
185 108 186 113
185 119 186 124
185 129 185 140
185 161 187 164
185 229 190 230
185 234 185 245
186 32 193 32
186 33 189 35
186 41 190 42
186 43 191 44
186 48 197 48
186 49 197 49
186 51 191 52
186 68 188 71
186 79 186 89
186 90 187 94
186 95 186 106
186 129 186 140
186 143 186 154
186 188 196 188
186 206 197 206
186 207 197 207
186 227 191 228
186 235 186 245
187 25 190 27
187 37 196 37
187 58 188 63
187 78 187 89
187 99 187 110
187 119 189 121
187 122 190 123
187 128 188 131
187 132 189 135
187 136 192 137
187 139 187 150
187 151 187 160
187 168 187 179
187 184 189 187
187 197 190 199
187 200 198 200
187 213 192 214
187 219 192 220
187 236 189 239
187 240 190 242
188 22 192 23
188 28 193 29
188 76 190 78
188 80 188 90
188 92 193 93
188 94 189 99
188 104 188 115
188 124 195 124
188 138 188 147
188 149 188 160
188 168 188 179
188 201 193 202
188 203 193 204
188 221 189 226
188 243 191 245
189 10 194 11
189 12 192 14
189 15 194 16
189 20 194 21
189 38 194 39
189 53 190 57
189 58 190 62
189 63 189 72
189 79 189 90
189 103 189 114
189 125 196 125
189 126 191 129
189 130 194 131
189 138 190 141
189 142 189 153
189 154 192 156
189 157 191 160
189 168 189 179
189 180 193 181
189 211 194 212
189 233 192 235
190 33 192 36
190 64 190 75
190 80 192 83
190 84 193 86
190 87 193 89
190 90 195 91
190 94 190 104
190 109 192 112
190 117 191 121
190 133 192 135
190 142 192 144
190 146 192 149
190 150 192 153
190 164 190 175
190 176 192 179
190 184 192 186
190 189 191 194
190 215 194 216
190 221 192 224
190 231 195 232
190 248 195 249
191 2 192 6
191 24 193 27
191 54 191 65
191 74 192 79
191 94 193 96
191 97 193 100
191 101 192 106
191 138 193 141
191 163 191 174
191 238 194 240
191 241 194 242
192 41 194 44
192 51 197 52
192 55 192 64
192 68 193 73
192 119 197 120
192 126 194 129
192 157 193 162
192 164 192 175
192 191 193 196
192 208 197 209
192 225 193 230
192 244 194 247
193 0 196 2
193 3 195 6
193 17 196 19
193 34 196 36
193 55 193 66
193 74 194 79
193 80 195 83
193 104 193 115
193 121 196 123
193 132 196 134
193 142 193 152
193 153 195 156
193 166 193 177
193 184 195 187
193 198 198 199
193 233 195 236
194 22 195 27
194 29 195 33
194 54 199 55
194 56 198 57
194 58 196 61
194 63 194 73
194 87 197 89
194 93 195 98
194 100 195 105
194 106 194 117
194 135 196 138
194 139 199 140
194 141 197 143
194 144 199 145
194 146 196 149
194 157 194 168
194 169 194 180
194 190 196 193
194 194 197 196
194 219 198 220
194 221 195 226
194 227 196 230
195 11 196 16
195 38 195 45
195 63 195 74
195 75 197 78
195 107 195 118
195 126 196 131
195 162 195 173
195 174 195 181
195 202 197 204
195 212 196 217
195 238 196 243
195 244 199 245
196 23 198 26
196 27 197 32
196 38 196 46
196 62 196 73
196 79 197 84
196 94 196 105
196 106 196 117
196 158 198 161
196 162 199 164
196 167 196 178
196 181 197 186
196 221 197 226
197 0 198 5
197 8 197 19
197 34 197 45
197 58 198 63
197 64 198 69
197 91 197 102
197 104 198 109
197 111 199 114
197 122 199 125
197 126 197 134
197 135 199 138
197 147 197 156
197 165 199 168
197 169 198 174
197 175 198 180
197 187 198 192
197 214 198 218
197 228 198 233
197 237 199 239
197 240 199 243
197 246 199 249
198 6 198 17
198 27 198 38
198 39 198 50
198 70 198 79
198 81 199 86
198 88 199 93
198 98 199 103
198 116 199 121
198 128 199 133
198 146 198 157
198 182 199 186
198 202 198 213
199 2 199 13
199 17 199 26
199 27 199 38
199 42 199 53
199 56 199 67
199 69 199 80
199 150 199 161
199 169 199 180
199 189 199 200
199 202 199 213
199 214 199 225
199 226 199 236
