3992
0 0 5 1
0 2 5 3
0 4 11 4
0 6 0 17
0 19 0 30
0 31 2 34
0 36 0 47
0 49 0 60
0 61 0 72
0 74 0 85
0 87 0 98
0 100 4 101
0 105 3 107
0 108 0 119
0 120 0 131
0 134 0 145
0 147 1 152
0 153 1 157
0 158 2 161
0 162 2 164
0 165 2 168
0 169 11 169
0 170 11 170
0 171 1 176
0 177 0 188
0 189 1 194
0 198 11 198
0 199 1 204
0 205 1 210
0 211 1 215
0 216 1 221
0 222 0 231
0 232 0 243
0 244 3 246
0 247 3 249
1 7 12 7
1 8 12 8
1 9 6 10
1 11 6 12
1 13 2 18
1 19 2 24
1 25 2 30
1 36 1 47
1 48 1 59
1 62 1 73
1 76 2 81
1 82 1 93
1 94 2 99
1 102 4 104
1 110 1 121
1 123 1 134
1 135 1 146
1 177 1 188
1 195 12 195
1 196 12 196
1 197 12 197
1 222 12 222
1 223 2 228
1 229 12 229
1 230 12 230
1 231 12 231
1 232 1 243
2 5 7 6
2 36 2 47
2 48 2 59
2 60 2 71
2 72 5 74
2 82 2 93
2 108 2 119
2 120 2 130
2 132 2 143
2 144 3 149
2 150 3 155
2 171 2 182
2 183 2 194
2 199 7 200
2 201 13 201
2 202 4 205
2 206 3 211
2 212 3 217
2 218 4 221
2 234 4 237
2 238 3 243
3 13 14 13
3 14 6 16
3 21 8 22
3 23 8 24
3 25 4 30
3 31 3 42
3 43 4 48
3 49 3 59
3 60 3 71
3 75 3 86
3 87 3 98
3 108 3 119
3 120 3 131
3 132 3 143
3 156 14 156
3 157 14 157
3 158 14 158
3 159 8 160
3 161 6 163
3 164 14 164
3 165 6 167
3 172 14 172
3 173 3 182
3 183 3 194
3 223 8 224
3 225 8 226
3 227 8 228
3 233 14 233
4 17 6 20
4 31 4 42
4 49 4 60
4 61 4 71
4 76 4 87
4 88 4 99
4 106 4 117
4 118 7 120
4 122 6 125
4 126 4 137
4 138 4 149
4 150 5 155
4 173 6 176
4 177 4 188
4 191 6 194
4 206 4 217
4 238 4 249
5 26 5 37
5 38 5 49
5 52 5 63
5 65 8 67
5 68 8 70
5 76 5 87
5 88 5 99
5 100 5 111
5 112 6 117
5 126 5 137
5 138 5 149
5 177 10 178
5 179 5 190
5 202 16 202
5 203 16 203
5 204 16 204
5 205 7 208
5 210 5 221
5 232 16 232
5 234 7 237
5 239 6 244
5 245 7 248
5 249 16 249
6 0 8 3
6 25 11 26
6 27 6 38
6 41 6 52
6 53 7 58
6 59 7 64
6 71 8 74
6 76 9 78
6 79 9 81
6 82 9 84
6 85 6 96
6 99 6 110
6 130 6 141
6 143 6 154
6 168 17 168
6 171 17 171
6 179 6 190
6 209 11 210
6 212 17 212
6 213 11 214
6 215 17 215
6 216 7 221
7 9 10 11
7 15 9 18
7 19 12 20
7 31 10 33
7 34 10 36
7 37 10 39
7 40 7 51
7 75 18 75
7 85 10 87
7 88 10 90
7 91 10 93
7 94 7 105
7 106 7 117
7 122 10 124
7 126 9 129
7 131 7 142
7 143 7 154
7 161 17 161
7 162 17 162
7 163 18 163
7 165 10 167
7 173 10 175
7 176 18 176
7 179 10 181
7 183 7 194
7 211 18 211
7 238 8 243
8 5 13 6
8 27 10 30
8 40 8 51
8 52 8 63
8 94 10 97
8 98 8 109
8 110 8 121
8 130 11 132
8 133 10 136
8 138 9 143
8 144 8 155
8 183 8 194
8 199 13 200
8 205 10 208
8 216 9 221
8 234 10 237
8 244 10 247
9 0 11 3
9 21 12 23
9 40 10 45
9 46 9 57
9 58 12 60
9 61 12 63
9 64 11 67
9 68 11 71
9 72 12 74
9 98 12 100
9 102 9 113
9 114 14 115
9 116 12 118
9 119 12 121
9 144 9 155
9 184 14 185
9 186 12 188
9 189 12 191
9 192 12 194
9 223 10 228
9 238 12 240
9 241 12 243
10 15 13 17
10 46 11 51
10 52 12 55
10 56 15 57
10 76 18 76
10 77 21 77
10 78 11 83
10 102 10 113
10 127 13 129
10 137 10 148
10 151 20 151
10 152 21 152
10 153 21 153
10 154 21 154
10 155 21 155
10 182 15 183
10 216 13 218
11 10 22 10
11 11 22 11
11 12 22 12
11 27 12 32
11 34 11 45
11 85 11 96
11 101 13 104
11 105 13 108
11 110 13 113
11 122 22 122
11 123 22 123
11 124 22 124
11 125 22 125
11 133 14 135
11 136 12 141
11 142 14 144
11 145 12 150
11 159 16 160
11 165 14 167
11 173 14 175
11 177 16 178
11 179 14 181
11 205 16 206
11 207 16 208
11 219 14 221
11 223 12 228
11 234 13 237
11 244 16 245
11 246 22 246
12 0 13 4
12 34 12 45
12 64 23 64
12 65 13 70
12 78 12 89
12 91 23 91
12 92 23 92
12 93 23 93
12 94 23 94
12 95 15 97
12 130 17 131
12 169 17 170
12 213 17 214
12 247 17 248
13 8 18 9
13 21 14 26
13 28 13 39
13 40 14 45
13 46 18 47
13 48 16 50
13 51 18 52
13 53 24 53
13 54 18 55
13 58 16 60
13 61 24 61
13 62 24 62
13 63 24 63
13 71 18 72
13 73 18 74
13 78 15 81
13 82 24 82
13 83 14 88
13 89 24 89
13 90 24 90
13 98 24 98
13 99 18 100
13 116 14 121
13 132 24 132
13 136 14 141
13 145 14 150
13 186 13 197
13 209 18 210
13 223 16 225
13 226 14 231
13 238 14 243
14 0 17 2
14 3 17 5
14 15 15 20
14 28 14 39
14 65 19 66
14 67 19 68
14 69 18 70
14 101 14 112
14 126 25 126
14 127 17 129
14 186 17 188
14 189 15 194
14 195 17 197
14 198 16 201
14 216 17 218
14 234 16 237
15 6 20 7
15 23 17 26
15 27 16 32
15 34 15 45
15 87 20 88
15 101 16 106
15 109 15 120
15 136 15 147
15 149 20 150
15 158 26 158
15 164 17 167
15 172 17 175
15 179 18 181
15 219 17 222
15 226 16 231
15 238 16 243
16 13 18 16
16 17 17 22
16 34 16 44
16 56 27 56
16 78 21 79
16 83 21 84
16 85 21 86
16 95 19 97
16 107 19 109
16 111 17 116
16 118 18 121
16 133 21 134
16 137 16 148
16 156 21 157
16 182 18 185
16 189 17 194
17 27 17 38
17 42 22 43
17 44 22 45
17 49 22 50
17 59 28 59
17 60 28 60
17 101 18 106
17 136 19 139
17 140 20 142
17 143 20 145
17 146 20 148
17 159 20 160
17 199 19 202
17 203 18 208
17 223 17 233
17 234 17 245
18 2 20 5
18 17 18 27
18 29 18 40
18 57 23 58
18 110 19 115
18 127 29 127
18 128 20 131
18 161 23 162
18 164 18 175
18 186 18 197
18 213 18 224
18 225 20 228
18 229 21 231
18 232 21 234
18 236 20 239
18 240 19 245
19 0 24 1
19 8 22 9
19 16 19 27
19 28 19 39
19 40 24 41
19 46 22 48
19 51 24 52
19 54 24 55
19 69 21 72
19 73 21 76
19 81 30 81
19 99 20 104
19 105 30 105
19 116 20 121
19 164 19 173
19 175 19 186
19 187 19 198
19 203 19 212
19 213 19 224
19 247 30 247
19 248 24 249
20 13 20 24
20 25 23 27
20 28 20 39
20 65 22 68
20 95 23 97
20 107 23 109
20 110 23 112
20 113 23 115
20 135 21 139
20 165 20 176
20 177 20 188
20 189 25 190
20 191 21 196
20 197 21 202
20 203 21 206
20 208 21 213
20 214 21 219
20 220 22 223
20 242 22 245
21 2 22 7
21 13 21 24
21 28 22 33
21 34 22 39
21 99 24 101
21 102 32 102
21 103 32 103
21 116 22 121
21 129 24 131
21 140 21 151
21 159 26 160
21 163 23 166
21 167 22 171
21 172 22 177
21 178 22 183
21 185 23 188
21 225 23 228
21 235 22 240
22 13 22 24
22 69 22 80
22 83 23 88
22 106 33 106
22 133 22 144
22 145 22 155
22 156 27 157
22 191 27 192
22 195 22 206
22 208 22 219
22 229 23 234
23 2 23 13
23 14 23 24
23 28 23 39
23 42 24 47
23 48 28 49
23 65 28 66
23 68 23 79
23 80 34 80
23 104 34 104
23 118 25 121
23 122 25 125
23 128 34 128
23 135 23 146
23 147 24 152
23 167 23 178
23 179 24 184
23 193 28 194
23 195 23 206
23 207 23 218
23 219 25 222
23 235 23 246
24 2 24 13
24 14 24 25
24 28 24 39
24 67 35 67
24 69 26 72
24 73 26 76
24 77 27 79
24 84 27 86
24 93 27 95
24 107 35 107
24 108 35 108
24 109 35 109
24 110 35 110
24 111 35 111
24 112 25 117
24 134 24 145
24 153 27 155
24 162 35 162
24 163 35 163
24 165 25 170
24 171 25 176
24 185 27 187
24 195 24 206
24 211 25 216
24 223 25 228
24 229 26 232
24 235 24 246
25 1 26 6
25 7 26 12
25 13 25 24
25 28 25 39
25 40 26 45
25 46 36 46
25 50 26 55
25 57 30 58
25 61 27 64
25 89 27 92
25 96 26 101
25 132 25 143
25 144 27 147
25 148 27 151
25 179 26 184
25 195 28 197
25 199 25 210
25 233 30 234
25 235 25 246
25 248 36 248
25 249 36 249
26 13 26 24
26 25 26 36
26 37 31 38
26 47 37 47
26 82 31 83
26 87 37 87
26 112 29 114
26 116 28 119
26 120 29 122
26 123 29 125
26 129 31 130
26 131 29 133
26 134 31 135
26 136 29 138
26 140 29 142
26 161 37 161
26 164 28 166
26 167 26 178
26 188 31 189
26 190 37 190
26 198 27 203
26 205 26 216
26 217 26 228
26 235 27 240
26 241 27 246
27 3 27 14
27 15 27 26
27 27 32 28
27 29 32 30
27 31 29 34
27 35 32 36
27 43 30 45
27 50 28 55
27 69 32 70
27 88 38 88
27 96 28 101
27 139 38 139
27 158 30 160
27 168 29 171
27 172 29 175
27 176 29 179
27 180 29 183
27 204 27 215
27 216 27 226
27 227 30 229
27 230 30 232
28 3 28 14
28 15 29 20
28 21 29 26
28 39 39 39
28 40 31 42
28 68 39 68
28 71 39 71
28 72 33 73
28 74 33 75
28 76 30 79
28 84 31 86
28 89 39 89
28 90 33 91
28 92 33 93
28 94 33 95
28 143 31 145
28 146 30 149
28 151 30 154
28 155 30 157
28 184 33 185
28 186 33 187
28 198 28 208
28 209 28 219
28 220 30 223
28 224 31 226
28 235 30 238
28 239 30 242
28 243 30 246
29 1 29 12
29 48 32 50
29 51 32 53
29 54 34 55
29 59 32 61
29 96 30 101
29 164 40 164
29 165 40 165
29 166 40 166
29 167 40 167
29 191 29 202
29 204 30 209
29 210 32 212
29 213 40 213
29 214 40 214
29 215 40 215
29 216 40 216
29 217 32 219
30 1 30 12
30 14 30 25
30 31 32 34
30 62 33 64
30 65 35 66
30 112 35 113
30 114 35 115
30 116 31 121
30 122 35 123
30 124 35 125
30 126 35 127
30 131 33 133
30 140 41 140
30 141 41 141
30 142 41 142
30 168 41 168
30 170 30 181
30 182 35 183
30 192 30 203
31 0 36 1
31 2 36 3
31 4 36 5
31 8 33 11
31 12 33 15
31 16 34 18
31 19 34 21
31 22 34 24
31 25 36 26
31 56 42 56
31 57 42 57
31 58 42 58
31 76 33 79
31 96 32 101
31 149 32 154
31 155 32 160
31 170 31 181
31 191 34 193
31 194 34 196
31 197 34 199
31 207 42 207
31 208 42 208
31 220 36 221
31 222 42 222
31 223 42 223
31 227 42 227
31 228 42 228
31 229 42 229
31 230 32 235
31 236 31 247
32 6 43 6
32 38 43 38
32 40 33 45
32 81 33 86
32 105 43 105
32 116 33 121
32 129 43 129
32 130 43 130
32 134 34 137
32 138 41 138
32 145 34 148
32 170 32 181
32 200 34 203
32 204 35 206
32 225 37 226
32 236 32 247
33 7 44 7
33 27 36 29
33 30 34 35
33 37 44 37
33 48 36 50
33 51 35 53
33 59 36 61
33 69 38 70
33 96 35 99
33 100 35 103
33 143 43 143
33 149 35 152
33 153 35 156
33 157 35 160
33 169 34 174
33 176 34 181
33 188 38 189
33 209 44 209
33 210 36 212
33 218 44 218
33 233 33 244
33 245 38 246
33 247 44 247
34 36 45 36
34 40 39 41
34 42 36 45
34 63 39 64
34 72 39 73
34 74 35 79
34 81 39 82
34 83 39 84
34 85 39 86
34 90 35 95
34 116 35 121
34 131 37 133
34 186 37 187
34 217 45 217
34 219 45 219
34 224 45 224
34 230 45 230
34 233 35 238
34 239 35 244
35 8 38 10
35 12 35 23
35 30 36 35
35 54 40 55
35 134 36 137
35 144 37 147
35 169 35 180
35 192 35 203
35 231 40 232
36 12 36 23
36 51 39 53
36 65 39 67
36 74 41 75
36 76 41 77
36 78 39 80
36 90 39 92
36 93 36 104
36 106 37 111
36 112 36 122
36 123 47 123
36 124 47 124
36 125 47 125
36 126 47 126
36 127 47 127
36 128 47 128
36 148 36 159
36 162 40 163
36 169 41 170
36 173 36 184
36 191 38 194
36 195 36 206
36 233 36 244
37 0 42 1
37 2 42 3
37 4 42 5
37 14 39 17
37 24 38 29
37 30 38 35
37 42 42 43
37 44 48 44
37 45 42 46
37 48 48 48
37 49 42 50
37 59 39 62
37 93 37 104
37 112 37 121
37 122 47 122
37 134 38 137
37 148 37 159
37 171 37 182
37 195 38 200
37 201 38 206
37 210 40 212
37 220 42 221
37 233 38 238
37 239 38 244
37 248 42 249
38 18 39 23
38 47 49 47
38 99 40 102
38 103 43 104
38 106 43 107
38 108 47 108
38 109 43 110
38 111 40 114
38 116 39 121
38 131 41 133
38 144 43 145
38 146 40 149
38 150 38 161
38 171 41 173
38 174 43 175
38 176 38 187
38 225 42 226
39 8 41 11
39 12 44 13
39 24 39 35
39 93 40 98
39 134 41 137
39 150 42 152
39 153 42 155
39 156 40 161
39 179 40 184
39 185 39 196
39 197 50 197
39 198 42 200
39 201 40 206
39 233 39 244
39 245 50 245
40 15 40 26
40 30 45 31
40 32 51 32
40 33 51 33
40 39 51 39
40 40 51 40
40 52 51 52
40 53 51 53
40 59 42 62
40 63 42 66
40 67 43 69
40 70 43 72
40 79 41 84
40 85 43 87
40 88 42 91
40 115 43 117
40 118 42 121
40 176 43 178
40 185 40 196
40 233 40 244
40 246 51 246
41 14 44 16
41 18 41 29
41 34 46 35
41 54 46 55
41 95 43 98
41 99 43 102
41 111 43 114
41 146 43 149
41 156 41 167
41 179 41 190
41 195 52 195
41 202 46 203
41 204 46 205
41 210 43 213
41 231 43 234
41 235 46 236
41 237 46 238
41 240 46 241
41 242 52 242
41 243 52 243
41 244 52 244
42 8 44 11
42 17 44 20
42 21 44 24
42 25 43 29
42 73 42 84
42 92 45 94
42 131 42 142
42 156 42 167
42 168 43 173
42 179 47 180
42 181 53 181
42 182 53 182
42 183 43 188
42 189 43 194
42 196 53 196
42 214 45 216
42 239 53 239
43 0 44 5
43 41 48 42
43 43 54 43
43 45 48 46
43 49 54 49
43 50 54 50
43 56 45 58
43 59 44 64
43 73 43 84
43 88 45 91
43 120 47 121
43 131 43 142
43 151 46 153
43 154 43 165
43 198 46 200
43 201 54 201
43 206 46 208
43 220 45 223
43 226 45 229
43 248 48 249
44 25 45 29
44 38 51 38
44 65 44 75
44 76 44 87
44 96 44 107
44 109 45 114
44 117 47 119
44 129 49 130
44 131 49 132
44 133 49 134
44 135 46 138
44 139 47 141
44 142 47 144
44 145 49 146
44 147 49 148
44 154 45 159
44 161 44 172
44 173 45 177
44 178 55 178
44 185 48 186
44 187 45 192
44 194 55 194
44 233 49 234
45 1 45 12
45 13 45 24
45 51 56 51
45 61 45 72
45 73 45 84
45 85 48 87
45 96 45 107
45 115 50 116
45 150 56 150
45 161 45 172
45 183 56 183
45 184 56 184
45 193 56 193
45 209 47 212
45 231 56 231
45 247 56 247
46 0 48 3
46 4 47 9
46 10 46 21
46 23 49 25
46 26 49 28
46 29 49 31
46 36 51 37
46 57 46 68
46 69 46 80
46 82 49 84
46 88 47 93
46 94 46 105
46 109 47 114
46 154 48 157
46 158 49 160
46 161 51 162
46 163 51 164
46 165 56 165
46 166 46 177
46 187 48 190
46 191 51 192
46 213 49 215
46 216 49 218
46 219 46 230
47 10 50 12
47 13 49 16
47 17 48 22
47 34 52 35
47 54 49 57
47 60 49 63
47 64 47 75
47 76 48 81
47 94 47 105
47 135 49 138
47 149 58 149
47 151 50 153
47 166 47 177
47 198 50 200
47 202 58 202
47 203 48 208
47 219 47 230
47 235 49 238
47 240 52 241
48 6 50 9
48 58 53 59
48 64 48 75
48 90 48 101
48 103 48 114
48 117 49 122
48 123 49 128
48 139 49 144
48 166 50 169
48 170 49 174
48 175 51 177
48 179 53 180
48 210 51 212
48 220 49 225
48 226 50 229
49 0 50 5
49 17 52 19
49 41 54 42
49 44 59 44
49 66 49 77
49 78 51 81
49 85 49 96
49 97 49 108
49 109 50 114
49 156 54 157
49 185 52 187
49 188 52 190
49 203 60 203
49 206 51 209
49 232 60 232
49 248 60 248
49 249 60 249
50 13 52 16
50 20 50 31
50 45 52 48
50 55 53 57
50 60 51 65
50 66 50 77
50 85 50 96
50 97 50 108
50 117 52 120
50 121 51 126
50 128 51 133
50 134 52 137
50 139 55 140
50 141 53 143
50 144 61 144
50 158 53 160
50 170 61 170
50 171 52 174
50 204 61 204
50 213 50 224
50 233 51 238
51 0 51 11
51 20 51 31
51 66 51 77
51 82 51 93
51 94 51 105
51 106 54 108
51 109 54 111
51 112 56 113
51 114 62 114
51 115 62 115
51 127 62 127
51 145 53 148
51 151 62 151
51 166 56 167
51 168 56 169
51 197 53 200
51 213 53 216
51 217 52 222
51 223 52 228
51 229 56 230
52 0 55 2
52 3 55 5
52 6 55 8
52 9 63 9
52 10 55 12
52 21 52 32
52 37 54 40
52 52 57 53
52 60 63 60
52 61 57 62
52 63 52 74
52 75 52 86
52 89 52 100
52 103 55 105
52 121 53 126
52 128 53 133
52 152 54 155
52 161 54 164
52 191 57 192
52 205 54 208
52 209 54 212
52 233 57 234
52 235 57 236
52 245 56 246
53 13 53 24
53 25 53 36
53 45 55 48
53 63 55 66
53 67 56 69
53 70 55 73
53 75 55 78
53 79 58 80
53 81 54 86
53 88 53 99
53 117 58 118
53 134 55 137
53 138 64 138
53 172 56 174
53 175 56 177
53 185 54 190
53 217 53 228
53 243 57 244
54 13 54 24
54 25 54 36
54 54 57 56
54 57 57 59
54 87 59 88
54 89 65 89
54 90 57 91
54 92 57 94
54 95 55 100
54 101 65 101
54 102 65 102
54 116 65 116
54 119 55 124
54 132 59 133
54 141 57 143
54 145 56 148
54 179 65 179
54 180 57 182
54 195 57 197
54 198 59 199
54 217 56 220
54 221 56 224
54 225 56 228
54 237 65 237
54 238 59 239
54 240 65 240
54 241 59 242
55 14 56 19
55 20 58 22
55 23 56 28
55 29 58 31
55 32 55 43
55 81 57 84
55 106 56 111
55 125 66 125
55 126 66 126
55 128 58 130
55 152 55 163
55 185 56 190
55 200 66 200
55 201 66 201
55 205 60 206
55 207 60 208
55 209 60 210
55 211 56 216
56 0 61 1
56 2 57 7
56 8 67 8
56 10 58 13
56 32 56 43
56 45 57 50
56 63 61 64
56 70 57 74
56 75 58 78
56 95 57 100
56 119 57 124
56 134 61 135
56 136 61 137
56 139 61 140
56 153 56 164
56 171 67 171
57 14 58 19
57 23 58 28
57 32 57 43
57 65 59 68
57 85 62 86
57 103 59 106
57 107 60 109
57 110 68 110
57 111 68 111
57 112 68 112
57 113 68 113
57 145 68 145
57 146 62 147
57 148 68 148
57 150 68 150
57 152 58 157
57 158 57 169
57 173 62 174
57 175 62 176
57 177 62 178
57 183 57 190
57 211 59 214
57 215 68 215
57 217 68 217
57 219 58 224
57 225 58 230
57 245 60 247
58 2 61 4
58 5 61 7
58 32 58 43
58 45 58 56
58 58 63 59
58 61 69 61
58 62 69 62
58 69 61 71
58 73 69 73
58 74 69 74
58 81 60 84
58 90 58 100
58 119 63 120
58 121 63 122
58 123 63 124
58 141 61 143
58 158 58 169
58 172 69 172
58 180 68 180
58 181 68 181
58 184 58 195
58 196 69 196
58 197 69 197
58 216 69 216
58 233 60 236
58 243 63 244
59 10 60 15
59 18 59 29
59 31 62 33
59 34 62 36
59 37 60 42
59 46 59 57
59 75 60 80
59 90 59 100
59 128 62 130
59 149 70 149
59 152 62 154
59 155 60 160
59 161 62 163
59 164 62 166
59 167 62 169
59 183 59 194
59 218 70 218
59 219 60 224
59 225 60 230
60 19 60 30
60 43 63 45
60 46 61 51
60 52 61 57
60 65 62 68
60 72 71 72
60 87 65 88
60 90 65 91
60 92 61 97
60 99 65 100
60 103 65 104
60 105 71 105
60 106 71 106
60 117 65 118
60 131 63 133
60 182 65 183
60 184 62 187
60 192 62 195
60 211 65 212
60 213 71 213
60 238 65 239
60 241 65 242
61 12 62 17
61 19 61 30
61 37 62 42
61 75 72 75
61 76 72 76
61 78 63 81
61 82 64 84
61 107 71 107
61 108 66 109
61 155 62 160
61 188 64 190
61 202 66 203
61 205 62 210
61 219 61 230
61 231 62 236
61 245 63 248
61 249 72 249
62 0 65 2
62 3 67 4
62 6 67 7
62 19 62 30
62 46 62 57
62 69 65 71
62 92 73 92
62 93 73 93
62 94 73 94
62 95 64 98
62 134 64 137
62 140 65 142
62 143 73 143
62 144 73 144
62 198 67 199
62 214 73 214
62 219 62 230
63 5 74 5
63 10 74 10
63 11 64 16
63 17 63 28
63 29 63 40
63 46 63 57
63 63 74 63
63 64 74 64
63 66 66 68
63 85 74 85
63 86 74 86
63 114 68 115
63 127 68 128
63 129 68 130
63 146 68 147
63 151 68 152
63 153 63 164
63 166 64 170
63 173 68 174
63 175 66 177
63 184 65 187
63 191 64 195
63 204 64 209
63 219 68 220
63 221 65 224
63 225 63 236
64 9 74 9
64 17 64 28
64 29 64 40
64 44 65 49
64 53 66 56
64 57 66 60
64 65 75 65
64 77 69 78
64 79 69 80
64 119 65 124
64 131 67 133
64 153 67 155
64 156 67 158
64 159 65 164
64 165 75 165
64 210 75 210
64 225 69 226
64 228 75 228
64 229 66 232
64 233 66 236
64 243 65 248
65 11 66 16
65 18 66 23
65 24 66 29
65 30 67 33
65 34 67 37
65 38 76 38
65 39 70 40
65 41 70 42
65 51 76 51
65 81 76 81
65 82 68 84
65 97 76 97
65 98 76 98
65 134 68 136
65 137 68 139
65 166 70 167
65 168 70 169
65 188 68 190
65 191 68 193
65 194 70 195
65 204 66 209
66 0 69 2
66 17 77 17
66 43 69 45
66 46 68 49
66 50 77 50
66 70 71 71
66 87 71 88
66 89 77 89
66 90 77 90
66 91 77 91
66 95 71 96
66 99 71 100
66 101 71 102
66 103 71 104
66 116 68 119
66 120 71 121
66 122 71 123
66 141 71 142
66 159 67 164
66 182 68 185
66 186 71 187
66 211 71 212
66 221 68 224
66 237 66 248
67 12 78 12
67 14 70 16
67 18 67 29
67 52 67 60
67 66 72 67
67 68 72 69
67 124 70 126
67 175 68 179
67 200 78 200
67 201 67 209
67 227 78 227
67 229 78 229
67 230 72 231
67 232 70 234
67 235 67 246
67 247 72 248
68 8 79 8
68 11 79 11
68 18 69 23
68 24 68 35
68 52 73 53
68 55 69 60
68 153 71 155
68 157 69 162
68 163 73 164
68 170 73 171
68 199 79 199
68 203 69 208
68 235 68 246
69 7 80 7
69 25 69 36
69 47 72 49
69 83 80 83
69 108 70 113
69 114 70 119
69 127 69 138
69 139 74 140
69 145 80 145
69 146 80 146
69 147 80 147
69 150 74 151
69 174 69 185
69 188 70 193
69 201 74 202
69 219 71 222
69 235 70 240
69 241 70 246
70 0 75 1
70 22 72 25
70 26 71 31
70 32 71 37
70 43 72 46
70 54 73 56
70 59 72 62
70 77 75 78
70 79 75 80
70 82 81 82
70 127 70 138
70 156 81 156
70 157 75 158
70 174 70 185
70 196 73 198
70 203 71 208
70 215 73 217
70 224 73 226
71 13 73 16
71 18 74 20
71 39 73 42
71 57 76 58
71 84 82 84
71 108 71 119
71 124 74 126
71 127 73 130
71 131 73 134
71 135 73 138
71 148 76 149
71 159 76 160
71 161 76 162
71 166 73 169
71 172 71 183
71 184 76 185
71 190 82 190
71 192 73 195
71 235 71 246
72 2 75 4
72 6 83 6
72 26 72 37
72 70 75 72
72 87 77 88
72 95 77 96
72 99 72 109
72 110 75 112
72 113 72 123
72 141 83 141
72 152 74 155
72 172 72 183
72 186 74 189
72 191 83 191
72 204 75 206
72 207 75 209
72 211 75 213
72 218 73 223
72 235 72 246
73 21 74 26
73 27 74 32
73 34 76 36
73 43 76 45
73 46 78 47
73 48 78 49
73 59 75 62
73 66 75 69
73 73 75 76
73 99 74 104
73 106 76 108
73 113 75 116
73 118 74 123
73 172 73 183
73 230 73 241
73 243 74 248
73 249 84 249
74 13 76 16
74 39 76 42
74 53 76 56
74 92 77 94
74 127 74 138
74 142 77 144
74 166 74 177
74 181 79 182
74 193 85 193
74 194 85 194
74 195 85 195
74 196 79 197
74 216 84 216
74 217 84 217
74 218 77 220
74 221 75 226
74 231 74 242
75 9 80 10
75 18 78 20
75 21 86 21
75 22 76 27
75 28 76 33
75 85 86 85
75 86 86 86
75 100 76 105
75 117 75 128
75 129 75 140
75 150 86 150
75 151 80 152
75 163 80 164
75 168 75 179
75 183 86 183
75 186 77 189
75 192 86 192
75 198 86 198
75 201 78 203
75 231 75 242
75 243 76 248
76 0 87 0
76 1 79 3
76 59 76 70
76 71 79 73
76 74 79 76
76 77 79 79
76 112 81 113
76 114 81 115
76 122 76 133
76 135 78 138
76 139 81 140
76 153 79 155
76 165 77 170
76 171 77 175
76 176 81 177
76 178 81 179
76 180 87 180
76 204 77 209
76 210 77 215
76 221 77 226
76 230 77 235
76 237 77 242
77 4 82 5
77 13 79 16
77 22 88 22
77 24 82 25
77 26 88 26
77 27 88 27
77 28 77 39
77 40 78 45
77 51 77 62
77 63 88 63
77 64 88 64
77 65 88 65
77 67 79 70
77 81 88 81
77 100 77 111
77 116 79 119
77 120 79 123
77 125 79 128
77 129 78 134
77 160 88 160
77 161 88 161
77 162 88 162
77 184 82 185
77 243 78 248
78 23 89 23
78 28 78 39
78 51 78 62
78 87 78 98
78 100 78 111
78 142 83 143
78 144 89 144
78 148 89 148
78 149 89 149
78 165 89 165
78 166 79 171
78 172 80 175
78 186 80 189
78 204 78 215
78 220 81 222
78 231 78 242
79 18 90 18
79 29 89 29
79 30 89 30
79 31 79 41
79 42 80 47
79 48 79 58
79 59 81 62
79 87 81 90
79 91 81 94
79 95 81 98
79 100 79 111
79 129 80 134
79 135 81 138
79 157 90 157
79 159 90 159
79 200 80 205
79 206 80 211
79 212 81 215
79 218 84 219
79 224 81 227
79 228 84 229
79 230 84 231
79 234 89 234
79 235 80 240
79 241 84 242
79 243 82 245
79 246 82 248
80 3 91 3
80 11 83 13
80 28 91 28
80 31 85 32
80 33 83 35
80 36 83 38
80 39 83 41
80 48 80 58
80 67 80 78
80 103 81 108
80 109 83 111
80 117 80 128
80 153 83 155
80 158 91 158
80 170 91 170
80 171 91 171
80 181 85 182
80 232 85 233
81 1 92 1
81 2 92 2
81 7 83 10
81 14 83 17
81 19 86 20
81 42 81 53
81 54 82 58
81 66 81 77
81 78 84 80
81 100 86 101
81 116 81 127
81 128 84 130
81 131 86 132
81 145 92 145
81 146 92 146
81 147 92 147
81 151 86 152
81 163 92 163
81 164 92 164
81 166 92 166
81 167 92 167
81 168 92 168
81 169 92 169
81 172 92 172
81 186 83 189
81 196 86 197
81 200 81 211
81 235 92 235
81 239 92 239
81 240 92 240
82 42 82 53
82 59 87 60
82 61 93 61
82 66 82 77
82 82 93 82
82 83 93 83
82 88 82 99
82 102 85 104
82 105 87 106
82 107 87 108
82 112 82 123
82 124 84 127
82 134 83 139
82 156 93 156
82 176 85 178
82 200 82 211
82 212 84 215
82 220 84 223
82 224 84 227
82 236 93 236
82 237 93 237
82 238 93 238
83 24 94 24
83 44 83 55
83 56 86 58
83 69 94 69
83 70 88 71
83 72 84 77
83 88 83 99
83 113 85 116
83 118 84 123
83 173 94 173
83 199 86 201
83 203 90 203
83 204 84 207
83 208 88 209
83 210 88 211
83 243 84 248
84 4 95 4
84 7 85 12
84 14 86 17
84 37 84 48
84 50 85 55
84 84 95 84
84 87 84 98
84 109 86 112
84 133 84 143
84 153 87 155
84 174 95 174
84 179 95 179
84 184 86 187
84 188 86 191
84 202 95 202
85 5 96 5
85 6 96 6
85 36 85 47
85 66 88 68
85 72 88 74
85 75 90 76
85 77 96 77
85 78 96 78
85 79 96 79
85 80 96 80
85 87 86 92
85 94 86 99
85 117 86 122
85 125 86 130
85 133 85 143
85 175 96 175
85 204 87 207
85 212 85 223
85 226 88 228
85 241 88 243
85 244 86 249
86 7 97 7
86 8 87 13
86 25 97 25
86 32 86 43
86 44 86 55
86 113 97 113
86 114 97 114
86 115 91 116
86 133 89 135
86 136 86 143
86 176 97 176
86 177 91 178
86 213 86 224
86 229 88 232
87 19 90 21
87 31 87 42
87 44 90 46
87 47 90 49
87 53 88 58
87 62 98 62
87 85 92 86
87 87 88 92
87 93 89 96
87 97 92 98
87 99 89 102
87 110 90 112
87 121 87 132
87 136 89 139
87 140 89 143
87 150 90 152
87 181 87 192
87 194 98 194
87 195 98 195
87 196 90 198
87 199 90 201
87 212 87 223
87 244 88 249
88 0 99 0
88 8 91 10
88 11 91 13
88 14 90 17
88 32 88 43
88 50 91 52
88 59 93 60
88 103 91 105
88 106 91 108
88 117 93 118
88 121 89 126
88 127 89 132
88 153 91 155
88 180 93 181
88 182 89 187
88 189 90 192
88 204 90 207
88 214 88 225
89 26 99 26
89 27 100 27
89 32 94 33
89 34 94 35
89 36 94 37
89 38 90 43
89 53 92 55
89 56 92 58
89 63 94 64
89 65 94 66
89 67 94 68
89 70 100 70
89 71 100 71
89 72 92 74
89 81 100 81
89 87 92 89
89 90 92 92
89 160 92 162
89 208 100 208
89 209 94 210
89 211 92 213
89 214 92 216
89 217 89 228
89 230 92 232
89 242 94 243
89 244 94 245
89 246 94 247
90 22 95 23
90 29 92 31
90 93 92 96
90 99 93 101
90 119 91 124
90 125 93 127
90 128 92 131
90 133 90 144
90 182 91 187
90 217 91 222
90 224 93 226
90 227 95 228
90 233 95 234
90 248 95 249
91 16 92 21
91 38 91 49
91 75 102 75
91 76 102 76
91 109 93 112
91 133 91 144
91 148 92 152
91 159 102 159
91 188 96 189
91 190 96 191
91 192 96 193
91 196 94 198
91 199 94 201
91 203 95 204
92 8 103 8
92 9 103 9
92 10 103 10
92 11 95 13
92 41 92 52
92 102 93 107
92 115 97 116
92 119 93 124
92 133 92 144
92 153 97 154
92 177 103 177
92 178 103 178
92 182 94 185
92 187 103 187
92 205 95 207
92 218 93 223
93 1 96 3
93 14 95 17
93 18 95 21
93 28 95 31
93 38 104 38
93 39 94 44
93 45 98 46
93 47 95 50
93 51 95 54
93 55 95 58
93 72 104 72
93 73 98 74
93 87 93 98
93 129 93 140
93 141 93 152
93 157 98 158
93 160 93 171
93 186 104 186
93 211 95 214
93 229 95 232
93 241 104 241
94 59 97 61
94 85 96 88
94 89 94 100
94 101 95 106
94 107 95 112
94 117 97 119
94 122 94 133
94 135 94 146
94 147 95 152
94 155 99 156
94 160 99 161
94 162 97 164
94 165 105 165
94 166 97 168
94 169 96 172
94 180 99 181
94 215 97 217
94 218 97 220
94 221 95 226
94 235 95 240
95 32 96 37
95 39 98 41
95 42 98 44
95 63 98 65
95 66 100 67
95 68 100 69
95 82 100 83
95 89 97 92
95 97 100 98
95 99 100 100
95 120 96 125
95 126 95 137
95 138 96 143
95 144 97 146
95 182 98 184
95 185 106 185
95 196 106 196
95 197 100 198
95 199 97 201
95 210 106 210
95 242 106 242
95 243 106 243
96 4 107 4
96 13 96 24
96 28 98 31
96 47 97 52
96 53 97 58
96 84 107 84
96 93 98 96
96 101 96 112
96 126 96 137
96 147 97 152
96 179 107 179
96 202 97 207
96 209 107 209
96 211 101 212
96 213 101 214
96 222 97 227
96 228 96 239
96 244 107 244
96 245 99 247
96 248 107 248
96 249 107 249
97 1 108 1
97 2 102 3
97 5 108 5
97 11 97 20
97 21 99 24
97 33 108 33
97 34 108 34
97 77 108 77
97 78 108 78
97 79 102 80
97 101 97 112
97 120 97 131
97 132 97 143
97 170 108 170
97 171 102 172
97 188 98 193
97 229 100 231
97 232 100 234
97 235 102 236
97 237 102 238
97 239 102 240
98 6 103 7
98 11 100 14
98 15 99 20
98 35 101 37
98 48 98 59
98 87 99 92
98 102 109 102
98 103 109 103
98 106 98 117
98 118 98 129
98 130 108 130
98 131 101 133
98 134 100 137
98 138 100 141
98 143 98 154
98 166 101 168
98 169 109 169
98 173 103 174
98 175 103 176
98 199 108 199
98 200 108 200
98 201 101 203
98 204 100 207
98 217 98 228
99 29 101 32
99 39 110 39
99 41 102 43
99 45 101 48
99 49 99 60
99 61 101 64
99 73 104 74
99 85 104 86
99 93 101 96
99 105 99 116
99 118 99 129
99 142 99 153
99 158 110 158
99 162 102 164
99 188 102 190
99 191 102 193
99 195 110 195
99 215 101 218
99 219 101 222
99 223 100 228
100 15 100 26
100 40 111 40
100 44 111 44
100 49 100 60
100 87 103 89
100 90 103 92
100 101 111 101
100 104 101 109
100 112 103 114
100 115 102 118
100 119 105 120
100 123 101 128
100 142 100 151
100 152 101 157
100 160 105 161
100 180 105 181
100 182 103 184
100 245 103 247
101 12 101 23
101 24 112 24
101 25 112 25
101 26 106 27
101 49 101 60
101 65 102 70
101 81 104 83
101 97 106 98
101 121 112 121
101 122 112 122
101 134 101 145
101 147 104 149
101 197 106 198
101 204 110 204
101 205 103 208
101 223 101 234
102 0 113 0
102 11 103 16
102 18 104 21
102 22 113 22
102 23 113 23
102 30 113 30
102 31 107 32
102 35 113 35
102 36 113 36
102 45 107 46
102 48 103 53
102 54 102 64
102 93 104 96
102 99 107 100
102 106 105 108
102 109 105 111
102 123 104 126
102 128 107 129
102 135 102 146
102 150 113 150
102 151 103 156
102 166 105 168
102 203 113 203
102 211 102 222
102 223 102 234
103 2 114 2
103 3 114 3
103 42 108 43
103 54 103 65
103 66 105 69
103 70 114 70
103 71 114 71
103 75 108 76
103 79 108 80
103 104 108 105
103 115 105 118
103 131 108 132
103 133 108 134
103 135 103 146
103 157 114 157
103 162 106 164
103 171 108 172
103 188 104 193
103 201 114 201
103 202 114 202
103 211 103 219
103 220 106 222
103 223 104 228
103 229 103 240
104 6 104 17
104 28 109 29
104 41 115 41
104 48 105 53
104 54 104 65
104 87 107 89
104 90 107 92
104 112 107 114
104 135 104 146
104 151 109 152
104 156 115 156
104 173 109 174
104 175 106 178
104 182 106 184
104 194 115 194
104 205 109 206
104 207 109 208
104 211 105 216
104 217 107 219
104 229 104 240
104 245 107 247
105 7 107 10
105 11 116 11
105 12 108 14
105 15 106 20
105 37 110 38
105 54 105 65
105 72 108 74
105 81 108 83
105 93 107 96
105 123 110 124
105 125 108 127
105 139 110 140
105 141 110 142
105 143 108 145
105 146 108 148
105 149 113 149
105 186 106 191
105 193 116 193
105 223 106 228
105 230 106 235
105 236 106 241
106 6 117 6
106 21 117 21
106 48 107 53
106 56 107 61
106 62 117 62
106 63 111 64
106 65 117 65
106 66 108 69
106 106 107 111
106 115 107 120
106 135 111 136
106 137 111 138
106 153 109 155
106 167 111 168
106 192 117 192
106 211 107 216
107 15 108 20
107 26 118 26
107 27 118 27
107 159 109 162
107 163 109 166
107 177 118 177
107 180 107 191
107 196 110 198
107 220 107 231
107 232 107 243
108 4 119 4
108 7 110 10
108 31 113 32
108 45 110 48
108 50 108 61
108 86 108 97
108 98 111 100
108 109 108 120
108 175 113 176
108 179 108 190
108 209 109 214
108 215 109 220
108 221 109 226
108 227 109 232
108 233 119 233
108 235 108 246
108 248 113 249
109 5 120 5
109 12 111 15
109 16 114 17
109 18 112 20
109 33 113 34
109 42 114 43
109 50 109 61
109 73 109 84
109 87 112 89
109 90 111 93
109 94 111 97
109 105 110 110
109 111 120 111
109 112 110 117
109 118 112 120
109 125 109 134
109 146 112 148
109 178 111 181
109 182 109 191
109 199 114 200
109 235 109 246
110 29 121 29
110 49 110 60
110 66 115 67
110 68 115 69
110 72 110 83
110 84 113 86
110 103 121 103
110 125 111 130
110 131 111 134
110 143 113 145
110 151 112 154
110 159 121 159
110 160 121 160
110 161 115 162
110 163 112 166
110 171 115 172
110 173 121 173
110 174 121 174
110 182 111 187
110 188 112 191
110 205 110 216
110 217 113 219
110 220 111 225
110 226 111 231
110 235 110 246
111 7 116 8
111 9 116 10
111 28 122 28
111 37 114 39
111 45 114 47
111 48 111 59
111 60 116 61
111 72 111 83
111 105 114 107
111 108 114 110
111 112 112 117
111 139 113 142
111 158 122 158
111 195 116 196
111 197 116 198
111 204 111 215
111 234 111 243
111 244 113 247
112 12 114 15
112 40 123 40
112 48 112 59
112 63 117 64
112 72 113 77
112 78 113 83
112 91 112 102
112 104 123 104
112 123 112 134
112 137 117 138
112 168 123 168
112 169 123 169
112 170 123 170
112 178 113 181
112 182 115 184
112 185 115 187
112 204 112 215
112 222 113 227
112 229 117 230
112 234 115 236
112 237 119 237
112 238 113 243
113 18 116 20
113 24 118 25
113 48 113 59
113 88 115 91
113 92 115 95
113 96 116 98
113 99 115 102
113 112 113 121
113 122 113 132
113 133 115 136
113 151 115 154
113 163 124 163
113 164 124 164
113 165 124 165
113 166 124 166
113 167 124 167
113 188 118 189
113 190 118 191
113 205 113 216
113 231 124 231
113 232 124 232
114 0 119 1
114 22 125 22
114 23 125 23
114 30 116 33
114 52 116 55
114 56 116 59
114 73 117 75
114 76 114 87
114 112 118 113
114 115 114 126
114 127 115 132
114 139 117 141
114 142 115 147
114 148 117 150
114 178 116 181
114 204 114 215
114 216 114 227
114 238 117 240
114 241 117 243
114 244 115 249
115 2 120 3
115 12 116 17
115 34 116 39
115 42 120 43
115 44 120 45
115 46 126 46
115 47 126 47
115 48 120 49
115 76 117 79
115 83 116 87
115 105 120 106
115 107 117 110
115 114 126 114
115 115 115 126
115 175 120 176
115 199 116 204
115 205 117 208
115 209 116 214
115 215 116 220
115 221 117 224
115 225 117 228
116 41 127 41
116 50 121 51
116 67 117 72
116 81 127 81
116 88 118 91
116 93 120 94
116 99 121 100
116 101 121 102
116 115 124 115
116 116 117 121
116 122 118 125
116 126 117 130
116 131 117 136
116 142 117 147
116 151 118 154
116 155 119 157
116 161 120 162
116 171 127 171
116 172 127 172
116 184 127 184
116 185 127 185
116 186 121 187
116 234 119 236
116 244 117 249
117 9 117 20
117 30 118 35
117 36 120 37
117 52 128 52
117 53 128 53
117 54 119 57
117 58 128 58
117 82 118 87
117 95 120 97
117 178 118 183
117 193 117 204
117 209 117 220
118 6 120 9
118 10 120 13
118 14 119 19
118 20 123 21
118 38 123 39
118 59 120 62
118 63 120 66
118 67 120 70
118 71 119 76
118 77 125 77
118 78 121 80
118 107 120 110
118 116 119 121
118 126 118 137
118 139 118 150
118 192 118 203
118 204 121 206
118 207 129 207
118 208 123 209
118 210 123 211
118 214 118 225
118 226 120 229
118 238 118 249
119 24 121 27
119 30 122 32
119 82 121 85
119 87 120 92
119 112 122 113
119 123 122 125
119 126 122 128
119 129 120 134
119 135 121 138
119 139 122 141
119 142 121 145
119 146 121 148
119 149 130 149
119 150 121 153
119 178 120 183
119 188 121 191
119 192 121 195
119 197 122 199
119 212 120 217
119 218 122 220
119 222 121 225
119 230 130 230
119 238 119 249
120 14 121 19
120 33 123 35
120 54 122 57
120 75 125 76
120 119 122 122
120 154 122 157
120 196 131 196
120 200 123 202
120 233 120 244
120 245 121 249
121 0 132 0
121 2 121 13
121 36 126 37
121 42 123 45
121 48 132 48
121 49 132 49
121 59 123 62
121 63 121 74
121 87 121 98
121 105 122 110
121 116 124 118
121 129 124 131
121 132 124 134
121 162 131 162
121 175 132 175
121 176 126 177
121 178 122 183
121 203 132 203
121 212 126 213
121 214 123 217
121 229 132 229
121 233 121 244
122 1 125 3
122 4 125 6
122 8 122 19
122 24 125 26
122 50 133 50
122 51 133 51
122 63 122 74
122 78 125 80
122 82 133 82
122 83 133 83
122 84 122 95
122 100 124 103
122 135 125 137
122 142 123 146
122 150 124 153
122 173 133 173
122 174 133 174
122 186 127 187
122 188 123 193
122 194 127 195
122 204 125 206
122 221 123 225
122 226 131 226
122 227 127 228
122 233 124 236
122 237 133 237
122 238 122 249
123 8 123 19
123 27 128 28
123 29 128 30
123 54 125 57
123 63 123 74
123 84 126 86
123 88 123 99
123 105 124 110
123 111 128 112
123 119 125 122
123 123 124 128
123 139 134 139
123 147 128 148
123 154 124 159
123 178 126 180
123 181 126 183
123 218 126 220
123 238 134 238
123 239 126 241
123 242 126 244
123 245 126 247
123 248 128 249
124 9 124 20
124 32 126 35
124 38 129 39
124 40 135 40
124 42 135 42
124 43 129 44
124 45 135 45
124 59 124 70
124 71 126 74
124 87 124 98
124 138 135 138
124 140 135 140
124 141 129 142
124 143 126 146
124 160 135 160
124 161 134 161
124 188 125 193
124 197 127 199
124 200 127 202
124 208 126 211
124 214 126 217
124 221 135 221
124 222 126 225
125 7 130 8
125 10 125 21
125 59 126 64
125 66 126 70
125 88 126 93
125 94 127 97
125 98 127 101
125 102 128 104
125 105 126 110
125 113 136 113
125 115 136 115
125 116 136 116
125 123 130 124
125 127 126 132
125 134 136 134
125 150 130 151
125 155 136 155
125 157 130 158
125 163 126 168
125 169 130 170
125 231 128 233
125 234 128 236
126 1 127 6
126 10 128 13
126 15 126 26
126 54 128 57
126 75 127 80
126 117 127 122
126 133 137 133
126 135 137 135
126 137 137 137
126 156 137 156
126 159 137 159
126 188 127 193
126 204 129 206
127 15 127 26
127 31 128 36
127 46 138 46
127 47 138 47
127 61 128 66
127 67 129 70
127 71 129 74
127 84 129 87
127 88 132 89
127 105 128 110
127 114 138 114
127 125 132 126
127 127 128 132
127 143 130 145
127 152 138 152
127 153 132 154
127 163 128 168
127 176 129 179
127 180 129 183
127 208 132 209
127 210 137 210
127 212 128 217
127 218 138 218
127 219 132 220
127 222 129 225
127 243 134 243
127 244 130 246
128 1 130 4
128 5 139 5
128 14 128 25
128 41 139 41
128 76 130 79
128 80 133 81
128 90 128 101
128 117 139 117
128 119 130 122
128 171 139 171
128 172 139 172
128 184 129 189
128 190 129 195
128 197 131 199
128 200 131 202
128 227 139 227
128 241 133 242
129 9 130 14
129 16 131 19
129 20 129 31
129 32 131 35
129 52 131 54
129 55 129 66
129 90 132 92
129 93 129 100
129 101 129 112
129 127 131 130
129 132 140 132
129 136 140 136
129 146 132 148
129 163 131 166
129 211 140 211
129 213 131 216
129 228 140 228
129 231 130 236
129 239 134 240
129 248 134 249
130 20 131 25
130 26 131 31
130 36 141 36
130 38 135 39
130 43 135 44
130 56 130 67
130 68 131 73
130 95 130 106
130 108 132 111
130 141 141 141
130 142 141 142
130 167 141 167
130 176 131 181
130 183 131 188
130 189 131 194
130 204 132 207
130 217 141 217
130 222 132 225
131 1 142 1
131 2 134 4
131 6 133 9
131 10 132 15
131 37 142 37
131 55 131 66
131 74 132 79
131 84 136 85
131 86 142 86
131 93 131 104
131 105 136 106
131 119 132 124
131 144 142 144
131 145 142 145
131 149 134 151
131 169 142 169
131 170 142 170
131 231 134 233
131 234 134 236
131 244 133 247
132 17 132 28
132 31 133 35
132 52 132 61
132 62 132 73
132 87 143 87
132 93 132 104
132 128 137 129
132 130 137 131
132 143 143 143
132 157 137 158
132 162 135 164
132 165 137 166
132 168 143 168
132 176 132 187
132 190 132 201
132 202 143 202
132 212 135 214
132 215 137 216
132 226 140 226
133 0 144 0
133 10 134 15
133 16 136 18
133 19 134 24
133 26 135 29
133 52 136 54
133 56 134 61
133 62 133 73
133 74 136 76
133 77 136 79
133 88 144 88
133 89 133 100
133 102 136 104
133 107 134 112
133 118 135 121
133 122 135 125
133 126 138 127
133 146 136 148
133 153 138 154
133 175 144 175
133 176 144 176
133 177 138 178
133 179 134 184
133 185 134 189
133 190 133 201
133 203 144 203
133 204 144 204
133 205 136 207
133 208 144 208
133 209 144 209
133 219 138 220
133 222 135 225
134 6 135 9
134 30 135 35
134 48 136 51
134 62 134 73
134 80 136 83
134 89 139 90
134 91 136 94
134 95 137 97
134 98 139 99
134 173 139 174
134 190 134 201
135 2 138 4
135 10 136 15
135 19 136 24
135 56 136 61
135 62 136 67
135 69 146 69
135 71 146 71
135 72 146 72
135 100 146 100
135 107 136 112
135 149 140 150
135 179 143 179
135 180 140 181
135 182 140 183
135 184 135 195
135 196 136 201
135 229 138 231
135 232 136 237
135 238 135 249
136 6 139 8
136 9 147 9
136 25 136 35
136 38 139 40
136 42 138 45
136 70 147 70
136 73 147 73
136 119 138 122
136 123 139 125
136 138 147 138
136 139 141 140
136 160 137 164
136 184 136 195
136 212 141 213
136 221 137 225
136 238 138 241
136 242 140 243
136 244 137 249
137 12 137 23
137 24 137 35
137 48 142 49
137 50 148 50
137 51 148 51
137 52 148 52
137 53 137 64
137 65 139 68
137 74 137 85
137 91 140 93
137 94 148 94
137 101 142 102
137 103 148 103
137 104 142 105
137 106 142 107
137 110 142 111
137 112 142 113
137 115 142 116
137 146 140 148
137 184 148 184
137 185 142 186
137 190 137 201
137 205 140 207
137 232 138 237
138 10 141 12
138 13 141 15
138 16 141 18
138 19 141 21
138 22 138 33
138 53 138 64
138 74 138 85
138 108 143 109
138 128 140 131
138 133 143 134
138 135 149 135
138 137 149 137
138 155 138 166
138 188 140 191
138 192 140 195
138 196 140 199
138 200 143 201
138 210 149 210
138 214 141 216
138 222 140 225
138 244 141 246
138 247 149 247
139 2 150 2
139 24 139 35
139 42 142 44
139 45 142 47
139 53 139 64
139 74 139 85
139 95 142 97
139 118 141 121
139 151 139 162
139 163 141 166
139 177 144 178
139 187 150 187
139 218 141 221
139 229 139 240
139 248 150 248
140 3 141 8
140 22 151 22
140 23 151 23
140 24 141 29
140 30 141 35
140 38 142 41
140 53 145 54
140 55 145 56
140 58 141 63
140 64 151 64
140 65 142 68
140 74 140 85
140 89 149 89
140 122 141 127
140 151 140 162
140 171 142 174
140 230 140 241
140 249 151 249
141 74 141 85
141 90 146 91
141 92 146 93
141 98 146 99
141 129 143 132
141 146 141 157
141 158 143 161
141 182 152 182
141 188 141 199
141 205 144 207
141 211 152 211
141 222 141 233
141 234 143 237
141 238 142 243
142 3 144 6
142 7 147 8
142 10 142 21
142 24 153 24
142 25 142 36
142 61 145 63
142 74 142 85
142 119 145 121
142 122 145 124
142 125 144 128
142 139 144 142
142 146 142 157
142 162 147 163
142 164 147 165
142 166 147 167
142 180 147 181
142 183 153 183
142 188 142 199
142 212 142 223
142 224 142 233
142 244 145 246
143 10 146 12
143 13 144 18
143 19 146 21
143 28 145 31
143 32 144 37
143 38 144 43
143 44 144 49
143 57 145 60
143 65 145 68
143 74 146 76
143 77 154 77
143 78 146 80
143 81 144 86
143 95 146 97
143 101 148 102
143 104 145 107
143 111 145 114
143 115 145 118
143 146 143 157
143 169 144 174
143 185 148 186
143 188 143 199
143 212 154 212
143 213 148 214
143 216 144 221
143 222 144 227
143 228 154 228
143 229 145 232
143 238 144 243
144 25 147 27
144 108 147 110
144 131 146 134
144 143 144 154
144 156 145 161
144 188 145 193
144 194 145 197
144 198 145 202
144 234 146 237
145 0 150 1
145 3 150 4
145 6 156 6
145 13 146 18
145 35 145 46
145 47 148 49
145 81 148 83
145 84 148 85
145 86 148 88
145 125 146 130
145 140 147 143
145 144 145 155
145 168 145 179
145 203 146 208
145 215 150 216
145 217 150 218
145 220 147 223
145 224 147 227
145 238 146 243
146 5 157 5
146 28 146 39
146 40 148 43
146 44 149 46
146 54 148 57
146 58 151 59
146 65 149 67
146 104 148 107
146 111 151 112
146 113 146 124
146 144 147 149
146 150 149 152
146 153 149 155
146 156 147 161
146 169 147 174
146 178 151 179
146 191 146 202
147 10 147 21
147 30 158 30
147 31 150 33
147 34 150 36
147 37 150 39
147 60 149 63
147 69 158 69
147 72 158 72
147 74 158 74
147 75 158 75
147 76 158 76
147 90 149 93
147 95 148 100
147 114 147 125
147 126 148 131
147 132 149 134
147 136 158 136
147 175 150 177
147 188 147 197
147 198 147 209
147 229 148 234
147 235 147 246
148 7 157 7
148 8 153 9
148 10 149 15
148 16 151 18
148 19 151 21
148 25 153 26
148 27 159 27
148 28 159 28
148 78 153 79
148 108 151 110
148 113 148 124
148 138 148 149
148 156 153 157
148 158 153 159
148 164 151 166
148 167 151 169
148 170 151 172
148 188 148 199
148 200 159 200
148 201 152 202
148 204 149 209
148 219 148 227
148 235 148 246
149 29 160 29
149 41 154 42
149 47 150 52
149 53 160 53
149 54 151 57
149 68 160 68
149 70 154 71
149 73 160 73
149 81 151 84
149 85 151 88
149 95 151 98
149 99 152 101
149 102 150 107
149 113 151 116
149 120 149 131
149 138 150 143
149 144 150 149
149 160 151 163
149 173 154 174
149 184 152 186
149 188 160 188
149 190 152 192
149 193 152 195
149 196 151 199
149 220 150 225
149 226 160 226
149 227 160 227
149 230 151 233
149 234 150 239
149 244 152 246
150 10 151 15
150 43 152 46
150 65 153 67
150 89 151 94
150 118 151 123
150 124 151 129
150 130 151 135
150 150 153 152
150 153 153 155
150 203 152 206
150 207 152 210
150 229 161 229
150 240 152 243
151 0 162 0
151 1 162 1
151 2 162 2
151 32 152 37
151 38 154 40
151 47 152 52
151 60 153 63
151 103 154 105
151 138 151 149
151 175 154 177
151 214 151 225
151 234 156 235
151 236 156 237
151 238 155 239
151 247 162 247
152 3 163 3
152 4 163 4
152 12 153 17
152 18 153 23
152 54 163 54
152 55 163 55
152 56 157 57
152 58 157 59
152 80 153 85
152 86 152 97
152 106 154 109
152 110 153 115
152 116 152 127
152 128 153 133
152 134 157 135
152 140 154 143
152 144 153 149
152 160 152 171
152 178 155 180
152 196 154 199
152 214 157 215
152 216 157 217
152 219 153 224
152 225 163 225
152 230 154 233
153 34 156 36
153 45 155 48
153 49 155 52
153 87 155 90
153 91 153 102
153 116 153 127
153 137 158 138
153 160 153 171
153 181 158 182
153 184 158 185
153 186 158 187
153 189 158 190
153 191 158 192
153 194 158 195
153 201 154 206
153 207 154 211
153 218 164 218
153 240 155 243
153 244 158 245
153 246 164 246
153 248 164 248
154 8 155 13
154 14 157 16
154 17 159 18
154 19 155 24
154 26 165 26
154 31 165 31
154 37 165 37
154 60 155 65
154 81 155 86
154 92 155 97
154 98 159 99
154 110 154 121
154 122 154 133
154 145 156 148
154 149 154 160
154 161 154 172
154 219 157 221
154 222 159 223
154 224 165 224
155 32 166 32
155 38 158 40
155 41 157 44
155 66 160 67
155 70 160 71
155 100 155 111
155 113 156 118
155 119 156 124
155 125 156 129
155 130 157 133
155 139 156 144
155 149 156 154
155 155 156 160
155 161 157 164
155 166 155 177
155 196 160 197
155 198 160 199
155 201 156 206
155 208 156 213
155 228 165 228
155 230 157 233
155 249 166 249
156 8 157 13
156 20 157 25
156 45 167 45
156 46 158 49
156 50 159 52
156 60 157 65
156 77 158 80
156 83 156 94
156 95 159 97
156 101 156 112
156 165 156 176
156 177 161 178
156 179 167 179
156 180 167 180
156 238 157 243
157 34 160 36
157 82 157 93
157 100 160 102
157 103 160 105
157 106 157 117
157 118 157 129
157 139 158 144
157 145 162 146
157 147 157 158
157 165 157 176
157 201 157 212
157 234 160 236
158 5 158 16
158 19 159 24
158 41 163 42
158 56 163 57
158 58 163 59
158 60 163 61
158 62 160 65
158 83 158 94
158 106 158 116
158 118 158 129
158 130 159 135
158 147 159 152
158 153 159 158
158 159 169 159
158 161 163 162
158 164 158 175
158 202 158 213
158 214 163 215
158 216 163 217
158 219 169 219
158 230 160 233
158 237 160 240
159 5 161 8
159 9 161 12
159 13 161 16
159 38 162 40
159 43 164 44
159 47 161 49
159 74 159 85
159 86 161 89
159 91 162 93
159 94 170 94
159 106 161 109
159 110 162 112
159 113 160 118
159 119 160 124
159 125 160 129
159 136 160 141
159 142 162 144
159 160 170 160
159 163 159 174
159 181 170 181
159 182 170 182
159 183 170 183
159 184 164 185
159 186 170 186
159 190 160 195
159 202 159 213
159 220 170 220
159 221 170 221
159 242 161 245
160 17 163 19
160 21 163 23
160 24 165 25
160 46 171 46
160 74 160 85
160 95 161 99
160 130 165 131
160 132 162 135
160 147 160 158
160 164 161 169
160 170 163 172
160 201 160 212
160 222 165 223
161 27 172 27
161 28 166 29
161 30 172 30
161 33 164 35
161 36 172 36
161 50 163 53
161 64 161 75
161 76 162 81
161 100 162 105
161 113 162 118
161 119 164 121
161 122 163 125
161 126 163 129
161 136 162 141
161 147 161 158
161 174 172 174
161 175 166 176
161 187 162 192
161 194 163 197
161 198 161 209
161 210 163 213
161 226 165 227
161 230 161 241
162 5 162 16
162 47 165 49
162 62 165 64
162 65 165 67
162 68 164 71
162 72 164 75
162 82 163 87
162 88 165 90
162 95 170 95
162 96 164 99
162 147 162 158
162 164 165 166
162 167 173 167
162 168 173 168
162 177 167 178
162 198 163 203
162 204 163 209
162 229 164 232
162 234 162 245
163 0 168 1
163 2 174 2
163 5 163 16
163 38 166 40
163 76 164 81
163 91 166 93
163 100 163 111
163 112 164 117
163 133 165 136
163 139 163 150
163 153 164 158
163 187 168 188
163 189 164 193
163 234 163 245
164 4 164 15
164 16 169 17
164 18 165 23
164 41 169 42
164 50 164 61
164 82 166 85
164 86 169 87
164 100 164 111
164 124 165 129
164 137 166 140
164 141 164 152
164 161 175 161
164 162 169 163
164 169 175 169
164 170 175 170
164 171 175 171
164 172 169 173
164 194 164 205
164 206 164 217
164 233 164 244
165 3 170 4
165 5 167 8
165 10 166 15
165 33 168 35
165 50 165 61
165 69 165 80
165 99 176 99
165 100 176 100
165 101 176 101
165 102 176 102
165 103 165 114
165 116 167 119
165 120 167 123
165 141 176 141
165 144 165 155
165 156 176 156
165 157 170 158
165 184 170 185
165 189 168 191
165 192 165 203
165 204 176 204
165 205 176 205
165 206 176 206
165 207 165 218
165 225 176 225
165 230 165 241
165 242 170 243
165 244 170 245
165 246 170 247
165 248 176 248
166 18 169 20
166 21 167 26
166 43 171 44
166 52 166 63
166 64 169 66
166 67 169 69
166 70 166 81
166 88 169 89
166 96 171 97
166 98 177 98
166 103 169 105
166 107 167 112
166 113 169 115
166 125 166 136
166 142 168 145
166 146 171 147
166 148 171 149
166 150 171 151
166 152 168 155
166 164 169 166
166 192 168 195
166 198 167 203
166 207 166 218
166 226 166 237
166 238 168 241
167 10 168 15
167 28 172 29
167 31 172 32
167 37 169 40
167 47 172 48
167 49 172 50
167 52 167 63
167 70 167 81
167 82 169 85
167 90 169 93
167 124 167 135
167 138 170 140
167 175 172 176
167 196 178 196
167 207 169 210
167 211 168 216
167 217 170 218
167 222 170 224
167 226 167 237
168 5 170 8
168 21 173 22
168 23 170 26
168 52 168 63
168 70 169 75
168 76 179 76
168 77 173 78
168 81 179 81
168 107 169 112
168 117 169 122
168 123 171 125
168 126 168 137
168 177 170 180
168 197 179 197
168 198 169 203
168 226 168 237
168 249 179 249
169 0 174 1
169 10 174 11
169 33 172 35
169 45 180 45
169 52 169 63
169 79 174 80
169 126 169 137
169 142 171 145
169 152 171 155
169 187 170 192
169 193 180 193
169 194 180 194
169 211 170 216
169 226 174 227
169 228 174 229
169 235 180 235
169 236 172 238
169 239 172 241
170 12 175 13
170 15 171 20
170 37 172 40
170 41 175 42
170 51 170 62
170 64 170 75
170 82 170 93
170 105 170 116
170 117 171 122
170 126 170 137
170 162 175 163
170 164 175 165
170 172 175 173
170 198 171 203
170 207 173 209
170 231 172 234
171 4 173 7
171 8 176 9
171 23 173 26
171 51 172 56
171 57 176 58
171 60 173 63
171 64 172 69
171 70 172 75
171 82 182 82
171 83 176 84
171 85 173 88
171 89 172 94
171 103 176 104
171 105 182 105
171 106 182 106
171 107 182 107
171 108 172 113
171 126 171 137
171 157 173 160
171 177 171 188
171 189 182 189
171 190 174 192
171 195 182 195
171 210 173 213
171 214 171 224
171 242 172 247
172 14 175 16
172 17 175 19
172 20 183 20
172 46 183 46
172 95 175 97
172 115 172 126
172 128 172 139
172 144 172 155
172 177 172 188
172 200 177 201
172 202 177 203
172 214 172 224
172 230 183 230
173 28 173 39
173 47 178 48
173 49 184 49
173 50 176 52
173 53 176 55
173 65 178 66
173 67 173 75
173 89 174 94
173 108 175 111
173 116 178 117
173 118 184 118
173 119 173 130
173 131 176 133
173 135 174 140
173 143 173 154
173 174 173 185
173 186 178 187
173 188 184 188
173 198 178 199
173 217 175 220
173 221 175 224
173 231 184 231
173 232 176 234
173 236 174 241
173 242 174 247
174 4 176 7
174 22 175 27
174 28 175 33
174 35 175 40
174 43 179 44
174 56 181 56
174 59 177 61
174 62 185 62
174 63 179 64
174 67 175 72
174 74 185 74
174 75 185 75
174 77 179 78
174 85 176 88
174 112 177 114
174 119 174 130
174 142 185 142
174 143 179 144
174 145 176 148
174 149 179 150
174 151 176 154
174 155 185 155
174 157 176 160
174 166 177 168
174 174 174 185
174 207 176 210
174 211 175 216
175 1 186 1
175 80 186 80
175 89 176 94
175 119 175 130
175 134 176 139
175 176 177 179
175 180 176 185
175 191 180 192
175 226 186 226
175 227 180 228
175 229 186 229
175 238 176 243
175 244 177 247
176 0 187 0
176 2 187 2
176 10 177 15
176 17 179 19
176 21 187 21
176 22 177 27
176 28 176 39
176 40 179 42
176 67 178 70
176 71 179 73
176 79 187 79
176 95 179 97
176 108 178 111
176 115 187 115
176 119 176 130
176 161 178 164
176 165 187 165
176 170 177 175
176 213 176 224
177 6 180 8
177 28 178 33
177 34 178 39
177 50 178 55
177 57 188 57
177 58 188 58
177 83 177 94
177 99 179 102
177 103 182 104
177 120 179 123
177 124 179 127
177 128 179 131
177 132 179 135
177 136 178 141
177 145 179 148
177 151 179 154
177 156 182 157
177 158 180 160
177 180 178 185
177 204 177 214
177 215 177 224
177 232 184 232
177 233 182 234
177 236 180 238
177 239 179 242
178 3 181 5
178 9 180 12
178 13 183 14
178 15 189 15
178 16 189 16
178 22 179 27
178 59 181 61
178 83 181 85
178 86 181 88
178 89 179 94
178 112 181 114
178 166 178 177
178 201 179 206
178 207 179 212
178 214 178 225
178 243 179 248
179 28 179 39
179 47 184 48
179 50 180 55
179 65 180 70
179 108 181 111
179 116 184 117
179 140 184 141
179 161 184 162
179 163 184 164
179 168 180 173
179 174 184 175
179 176 184 177
179 178 184 179
179 180 181 183
179 184 184 185
179 186 184 187
179 190 190 190
179 198 182 200
179 213 182 215
179 216 181 219
179 220 180 225
180 17 183 19
180 22 183 24
180 25 181 30
180 33 180 44
180 71 183 73
180 76 183 78
180 89 181 94
180 95 182 98
180 99 182 102
180 123 182 126
180 127 181 132
180 134 181 139
180 143 180 154
180 166 191 166
180 167 191 167
180 201 185 202
180 203 182 206
180 207 181 212
180 239 182 242
180 243 182 246
180 247 191 247
180 248 191 248
180 249 191 249
181 7 182 12
181 31 192 31
181 34 181 45
181 50 182 55
181 66 183 69
181 119 183 122
181 143 181 154
181 159 186 160
181 168 186 169
181 170 183 173
181 191 183 194
181 221 192 221
181 222 186 223
181 224 186 225
181 227 186 228
181 235 184 237
182 3 193 3
182 4 193 4
182 5 187 6
182 25 185 27
182 28 187 29
182 30 193 30
182 32 185 34
182 35 183 40
182 41 185 43
182 56 193 56
182 59 185 61
182 63 185 65
182 83 182 94
182 109 185 110
182 111 184 114
182 128 182 139
182 143 185 145
182 146 185 148
182 149 185 151
182 152 185 154
182 180 187 181
182 182 193 182
182 183 193 183
182 196 193 196
182 207 183 212
182 218 193 218
182 219 186 220
183 7 184 12
183 53 186 55
183 81 185 84
183 85 184 90
183 91 183 102
183 103 184 108
183 125 194 125
183 126 183 137
183 156 186 158
183 195 194 195
183 198 186 200
183 203 185 206
183 213 188 214
183 215 188 216
183 217 194 217
183 233 194 233
183 238 185 241
183 243 188 244
183 245 188 246
184 17 186 20
184 22 187 24
184 35 185 40
184 44 195 44
184 45 195 45
184 46 195 46
184 68 185 73
184 76 187 78
184 91 184 102
184 120 187 122
184 124 195 124
184 127 184 138
184 170 186 173
184 189 195 189
184 191 189 192
184 193 189 194
184 208 189 209
184 210 195 210
184 230 195 230
185 7 196 7
185 8 196 8
185 9 196 9
185 10 196 10
185 11 190 12
185 13 190 14
185 48 196 48
185 50 196 50
185 52 196 52
185 85 185 96
185 97 185 108
185 111 187 114
185 116 187 119
185 126 188 128
185 129 185 140
185 161 187 164
185 174 186 179
185 185 187 188
185 207 196 207
185 211 196 211
185 212 196 212
185 231 190 232
185 234 188 236
186 25 189 27
186 32 194 32
186 33 189 35
186 37 196 37
186 38 191 39
186 40 191 41
186 42 191 43
186 47 197 47
186 49 197 49
186 60 187 65
186 66 187 71
186 73 189 75
186 81 186 91
186 93 187 98
186 99 186 110
186 129 188 131
186 132 186 143
186 144 186 155
186 197 197 197
186 201 188 204
186 205 197 205
186 206 197 206
186 237 187 242
187 17 190 18
187 51 198 51
187 53 198 53
187 54 192 55
187 81 187 92
187 99 187 110
187 132 189 135
187 136 192 137
187 138 187 149
187 150 187 160
187 168 187 179
187 198 192 199
187 200 198 200
187 219 192 220
187 222 189 225
187 226 192 227
187 228 192 229
188 0 191 2
188 5 193 6
188 19 193 20
188 21 190 24
188 28 193 29
188 60 188 71
188 76 189 81
188 82 188 93
188 94 189 99
188 100 188 111
188 113 191 115
188 117 189 121
188 122 193 123
188 140 188 151
188 152 188 163
188 170 188 181
188 184 193 185
188 186 191 188
188 237 189 242
189 57 191 60
189 61 189 72
189 82 189 93
189 101 189 112
189 126 191 129
189 130 194 131
189 138 190 143
189 147 192 149
189 150 192 152
189 153 189 164
189 168 189 179
189 180 194 181
189 201 194 202
189 203 194 204
189 213 194 214
189 215 194 216
189 234 192 236
189 243 191 246
190 15 195 16
190 25 193 27
190 33 192 36
190 61 190 72
190 73 191 78
190 79 192 82
190 84 195 85
190 86 197 86
190 87 193 89
190 94 193 96
190 97 190 108
190 109 192 112
190 116 191 121
190 133 193 135
190 144 193 146
190 153 192 156
190 157 191 162
190 168 190 179
190 192 193 194
190 208 195 209
190 222 192 225
190 237 192 240
190 241 194 242
191 11 193 14
191 17 196 18
191 21 193 24
191 61 191 72
191 90 196 91
191 92 196 93
191 99 193 102
191 103 192 108
191 138 192 143
191 168 191 179
191 190 196 191
191 231 196 232
192 0 195 2
192 38 195 40
192 41 195 43
192 58 192 69
192 71 194 74
192 75 194 78
192 116 193 121
192 126 194 129
192 158 192 169
192 170 192 179
192 186 195 188
192 243 194 246
192 247 195 249
193 34 196 36
193 54 198 55
193 59 193 70
193 80 195 83
193 104 193 115
193 136 196 138
193 139 196 141
193 148 194 153
193 154 193 165
193 168 193 179
193 198 198 199
193 219 195 222
193 223 195 226
193 227 196 229
193 234 194 239
194 3 199 4
194 5 199 6
194 11 196 14
194 20 194 31
194 56 199 57
194 58 194 69
194 87 197 89
194 94 195 99
194 101 195 106
194 108 194 119
194 120 199 121
194 122 199 123
194 132 196 135
194 142 196 145
194 155 194 166
194 168 194 179
194 192 199 193
195 19 198 21
195 22 195 33
195 58 197 61
195 62 195 73
195 76 197 79
195 108 195 119
195 126 196 131
195 146 196 151
195 153 196 158
195 159 198 161
195 162 195 173
195 174 195 185
195 194 198 196
195 201 197 204
195 213 196 218
195 233 196 238
195 239 196 244
195 245 199 246
196 0 199 2
196 22 198 25
196 28 197 33
196 38 196 46
196 64 196 75
196 80 197 85
196 96 196 107
196 108 196 119
196 163 198 166
196 167 199 169
196 170 196 181
196 182 197 187
196 219 199 221
196 222 199 224
196 247 199 249
197 7 197 18
197 35 197 46
197 64 197 75
197 92 197 103
197 104 199 107
197 108 199 111
197 112 199 115
197 116 199 119
197 125 197 136
197 137 199 140
197 141 198 146
197 147 197 158
197 170 198 175
197 176 198 181
197 188 199 191
197 213 198 218
197 225 197 236
197 237 199 240
197 241 199 244
198 7 198 18
198 27 198 38
198 39 198 50
198 60 198 71
198 73 198 84
198 86 198 97
198 98 199 103
198 124 199 129
198 130 199 135
198 147 198 158
198 182 199 187
198 201 198 212
198 225 199 230
198 231 199 236
199 8 199 19
199 20 199 31
199 32 199 43
199 44 199 55
199 58 199 69
199 70 199 81
199 85 199 96
199 143 199 154
199 155 199 166
199 170 199 181
199 194 199 205
199 206 199 217
